1825978428
1793162242
1819958820
1462051616
1604585873
1825998676
1983382852
1519751849
1730710927
1501245709
1393256407
1377595612
1042537742
1823508448
1813479590
1805762395
1291790528
1457090354
1812560322
1975059935
1532398465
1678036957
1473737693
1842052750
1905723293
1299423346
1330261324
1905370090
1569754887
1615272686
1793259187
1822683414
1461278306
1792272287
1923074695
1821592313
1483026197
1920946483
1943580238
1580971852
1393683703
1737077641
1563586268
1814961489
1820488086
1623665758
1710156189
1724191493
1160370601
1823733261
1328040514
1253920122
1300702927
1822592246
1249747022
1846259729
1583270656
1910656209
1583798017
1819745467
1935343927
1812477665
1375766410
1297649213
1824910636
1746641956
1062326338
1924906055
1799053279
1316657839
1374137157
1774744313
1067731007
1820512896
1711644527
1770601096
1907282128
1427569040
1345072455
1819709908
1821679267
1210994827
1767001438
1164567012
1731201945
1825938354
1981248244
1713783403
1581750347
1821747653
1602291452
1814752204
1315791062
1113095517
1813755694
1378326505
1341620072
1254640492
1203902562
1825582758
1244773243
1215798414
1063356641
1773613364
1907539465
1584280921
1059799636
1061714481
1061725219
1067341181
1945902287
1822924319
1873233512
1946086542
1982548533
1977569825
1641361690
1713242339
1661434675
1511508648
1727694452
1342281559
1935713921
1042128927
1921765468
1214841409
1511153594
1261532150
1908745292
1814506498
1975785033
1796183619
1719213783
1320964968
1838230749
1315601744
1941552858
1933792153
1263869136
1798778298
1944347815
1946414452
1820753878
1298320773
1712236118
1808749575
1301566643
1653329192
1796288394
1525202755
1580057996
1807730285
