1416018231    "first1"    "13734648925"
1825938354    send_2_before    "15536499464"
1731201945    "first1"    "18996895180"
1569900195
1977434749
1826590793
1981248244
1838230749
1713783403
1263869136
1821747653
1581750347
1814752204
1602291452
1933792153
1315601744
1315791062
1113095517
1298320773
1944347815
1820753878
1813755694
1378326505
1341620072
1941552858
1254640492
1203902562
1808749575
1946414452
1215798414
1807730285
1063356641
1773613364
1584280921
1907539465
1059799636
1061714481
1061725219
1067341181
1945902287
1822924319
1946086542
1977569825
1641361690
1713242339
1661434675
1511508648
1727694452
1342281559
1935713921
1214841409
1511153594
1712236118
1244773243
1825582758
1873233512
1982548533
1921765468
1042128927
1975785033
1908745292
1814506498
1719213783
1261532150
1320964968
1796183619
1798778298
1301566643
1796288394
1653329192
