421752451
471125164
403087263
473152851
674130725
451781023
657452456
499267195
419785731
469377457
460632129
443274420
471953786
499084199
1430715613
1436724939


1429996056
1361242213
1203795854
1436349763
1433840543
1429844916
1439856784
1429534233
1379870243
1448891532
1448346591
1362129745
1433045656
1418951264
1448538356
1433590531
1436225495
1439871118
1436347416
1442630085
1444318546
1436223625
1433184260
1426872393
1429286647
1436265587
596195596
402117424
460985382
