1330480634
1417068980
1476079610
1545514884
1572309485
1575155219
1585431797
1594728430
1600013165
1602457774
1603997532
1605062065
1609278573
1610707384
1617686306
1621364461
1622685351
1628587159
1638899867
1648945017
1649656799
1652297143
1657195188
1660652741
1661823554
1662247822
1669051649
1670672604
1683817228
1684808187
1685244644
1685408431
1691196272
1692434515
1693408807
1696515395
1710683364
1710963800
1712416419
1713760948
1715266311
1716102396
1716680505
1718352036
1719256219
1721385135
1721529327
1722750745
1723575987
1727575461
1729327253
1729344241
1729573041
1730915833
1731895117
1732087435
1732297895
1733421257
1733541537
1735679292
1736159059
1736316971
1739868029
1740010589
1740411604
1741206513
1741406601
1741412928
1741956767
1742756700
1744171278
1744436874
1744491367
1744799388
1744818220
1745126902
1745294939
1745296388
1745460470
1745498692
1746359826
1747540552
1748382227
1748991727
1749653473
1749861396
1750646538
1750679622
1751331476
1751959837
1752429427
1753494689
1753810865
1756123201
1758474893
1759350814
1760156300
1760363915
1761342339
1761563934
1762291057
1762387157
1762623806
1765491884
1766183440
1766823080
1767629654
1770430548
1771031990
1772450933
1774743252
1776183700
1776229533
1779124228
1779867103
1783374275
1783695641
1785839179
1786048297
1786611353
1786703990
1787891335
1789055203
1790720995
1791072128
1792298795
1794969839
1795428439
1795933658
1799109196
1802326648
1802485017
1802909690
1803894917
1803990644
1806904734
1807173051
1807379758
1807532580
1809795110
1810121039
1812565721
1812934958
1813157508
1813433699
1813688550
1814254622
1814376259
1814959323
1815341378
1815378279
1815389181
1815452504
1815965120
1816463065
1816810585
1816971937
1817537964
1820814236
1822394270
1825536299
1825684606
1826010671
1826143579
1826706101
1826973346
1827973915
1828642889
1828667690
1829181776
1829334399
1829506455
1830832039
1831179519
1831984821
1832070081
1834002103
1834293723
1834779186
1834934135
1836500848
1836820941
1837093034
1839163060
1839740976
1841168122
1841341007
1841832065
1842695292
1843087528
1843242177
1845085275
1845175337
1846149379
1846192704
1847062761
1847541726
1848785639
1849167052
1849292580
1849512872
1850101465
1850049207
1851060071
1851107379
1851398587
1852182465
1852276054
1853317742
1853672890
1871187515
1871494771
1872812072
1873576256
1874450441
1874477625
1875368416
1875861528
1879377484
1900287380
1900739040
1901309528
1901585595
1902538009
1903280623
1903340739
1903712705
1904034303
1904199624
1904488468
1904557708
1904623818
1904885131
1906848017
1907271975
1908507931
1909404827
1912501625
1913282519
1913990912
1915573005
1918145094
1918437881
1918831328
486961135
1526796450
1748926476
1753235134
1753959002
1761838126
1766055421
1766861006
1805857730
1813039862
1815840482
1817035819
1835208609
1835470831
1840707934
1844658716
1873991277
1874844838
1874872462
1904357066
1911262269
1911337245
1914619706
1915352590
1917118426
1506887481
