137346290
153929565
190130179
201631297
202462669
202564958
205301783
203552448
206508693
207170860
206616754
207535087
207638139
209263250
209338612
209638731
210124034
210645814
210235405
210591507
210654170
210834308
211104578
211725675
212195806
212481658
212672684
305596781
297465653
315162592
315472987
318269937
319622736
321953696
329878985
332716050
332911097
348971243
359084525
358497094
359927486
374819496
375403927
375728494
375802254
378064978
386209302
389208709
398375335
398950645
404328552
414453581
427761461
431840990
437202948
437067790
439309536
447881869
445523043
448229536
448406335
455172911
468085797
477650783
477619779
480016291
480037822
479188005
480043277
480094195
480131415
480174299
480165012
480207213
480211738
480213323
480245892
480283579
480298562
480289614
480315065
480343773
480352652
480371377
480382694
480384277
480385325
480385898
480390168
480434299
480501667
480548375
480440034
480559835
480560260
480625650
480651605
480652653
480652993
480655281
480659759
480657672
480661735
480662123
480663351
480662601
480664841
480665120
480665399
480667219
480668145
480668603
480668724
480669109
480669249
480670030
480669355
480670148
480671320
480671514
480674040
480673615
480675011
480675632
480676400
480677473
480677954
480680170
480679574
480678953
480681653
480682662
480684027
480684216
480684997
480687163
480689406
480689908
480690053
480690445
480690776
480691187
480693594
480692964
480695223
480697439
480698479
480698608
480702019
480703804
480703997
480704484
480709403
480709625
480709644
480710042
480709802
480713340
480712503
480714612
480714710
480717876
480718366
480719149
480719231
480719792
480719969
480719971
480722192
480722854
480723457
480724378
480725025
480725202
480725926
480726064
480725800
480726486
480726106
480726779
480729047
480730282
480730464
480731337
480732348
480733576
480734311
480734595
480734477
480735398
480735516
480734824
480735645
480735697
480736386
480737474
480737421
480739354
480737885
480740799
480741092
480741456
480741179
480742611
480742195
480743851
480743870
480744216
480746887
480746483
480745181
480747313
480747439
480747908
480748393
480748082
480748410
480750345
480751168
480752264
480753642
480752762
480752853
480754026
480754661
480754897
480754990
480757152
480755097
480756758
480757612
480758663
480759820
480759958
480759113
480760083
480766476
480766623
480767911
480768636
480768654
480771495
480771911
480769439
480772175
480775883
480774214
480775255
480775507
480776262
480776416
480776630
480776923
480777389
480779025
480780544
480781755
480782744
480784925
480784896
480786100
480787214
480787267
480787332
480787794
480789164
480788162
480789708
480790009
480789893
480790063
480790300
480791916
480792347
480793913
480795181
480794942
480795328
480797114
480797558
480797910
480798170
480798229
480798828
480798501
480799213
480801611
480801907
480803615
480805755
480805074
480807738
480811189
480811830
480817928
480819347
480821465
480820650
480821604
480823979
480824595
480824661
480825160
480825469
480826157
480826680
480827374
480829679
480827612
480830546
480830846
480832254
480832217
480834251
480832376
480835177
480835224
480835490
480836815
480838760
480838234
480841378
480842769
480842336
480844232
480844846
480845548
480845853
480845910
480863306
480862685
480862692
480863380
480870552
480871812
480871880
480871884
480874450
480875431
480879378
480879683
480879787
480880950
480882452
480882822
480882916
480885161
480882970
480886079
480886577
480886288
480886798
480888042
480888365
480889308
480889460
480889695
480890271
480891816
480892155
480897081
480898126
480894231
480901135
480905748
480905998
480909685
480912044
480914366
480915664
480916400
480916818
480918809
480919611
480921141
480921768
480921843
480926922
480922721
480928018
480926927
480929289
480929347
480930538
480932497
480934265
480935791
480935031
480934388
480936068
480936174
480937952
480941482
480941096
480941745
480942034
480942496
480944118
480946047
480946023
480947819
480946744
480948535
480950539
480950264
480950542
480950756
480951244
480950761
480955002
480954390
480955276
480957424
480958644
480960148
480961190
480960499
480961542
480962404
480963422
480963879
480964176
480964739
480964706
480965071
480965084
480965671
480966307
480972792
480973331
480975838
480977200
480981720
480984800
480984105
480985360
480986447
480986280
480989942
480990157
480992315
480991184
480990771
480994423
480995085
480993510
480998947
481002446
481004290
481004332
481006635
481005735
481008801
481009210
481009306
481014268
481009736
481016093
481014467
481024643
481016466
481026442
481027440
481033206
481033428
481034605
481035579
481035746
481036740
481036915
481038052
481037757
481038835
481044055
481044406
481044905
481045517
481046174
481066328
481054902
481068717
481068154
481075417
481075822
481075928
481076035
481085746
481076809
481086133
481087800
481086225
481088031
481087946
481089740
481093607
481090097
481093679
481094312
481093687
481094506
481095796
481097236
481097681
481097723
481098403
481097783
481108157
481103343
481109710
481123685
481126266
481124970
481127055
481127598
481129414
481129616
481129970
481131650
481134375
481136406
481137994
481138340
481139328
481140028
481140992
481143869
481144672
481146195
481148060
481149855
481148189
481150096
481153140
481153159
481153261
481157834
481164260
481165126
481165245
481169702
481167211
481169552
481171686
481171358
481171956
481173489
481174784
481174650
481174860
481175255
481181426
481183942
481186295
481187364
481191080
481193560
481195317
481196113
481196183
481196286
481199812
481204657
481209865
481214570
481214886
481214955
481217325
481216736
481225095
481218576
481220535
481225505
481233315
481232760
481247062
481247719
481248163
481255315
481257556
481259351
481261787
481255922
481261951
481265244
481265614
481264074
481268734
481271782
481271041
481272880
481274425
481275709
481276746
481276425
481277115
481277311
481277318
481279508
481280656
481278980
481282968
481283612
481283442
481285097
481286408
481286937
481287698
481287053
481288375
481291841
481291967
481294387
481293032
481295548
481297234
481297398
481298705
481299242
481301738
481302626
481304719
481305353
481306075
481306378
481308139
481310262
481315364
481308992
481315799
481315622
481324499
481319544
481328994
481331198
481334674
481333099
481335326
481335142
481335409
481336554
481337651
481339531
481344589
481345570
481347835
481348992
481353989
481349747
481354035
481355443
481356149
481358941
481362499
481362790
481363948
481363864
481364452
481365242
481367894
481367702
481369415
481369647
481370798
481374868
481375385
481379388
481377439
481381643
481381965
481385819
481386114
481389559
481388851
481390558
481391073
481391808
481397180
481393020
481398058
481398569
481398995
481398889
481401527
481403157
481403906
481404045
481405130
481404098
481416144
481421252
481419851
481421275
481421882
481426944
481431357
481434881
481440747
481455497
481457949
481457212
481461767
481464303
481467244
481469277
481483617
481469298
481469741
481483907
481486753
481485214
481487192
481489148
481487392
481489370
481489707
481489855
481492535
481495688
481505676
481505809
481508325
481510078
481516765
481524382
481525176
481525366
481526713
481526624
481528820
481530539
481535709
481536544
481542518
481536562
481544667
481548096
481549525
481550545
481556020
481554686
481557344
481559070
481558447
481557879
481561493
481567129
481568612
481570441
481574801
481578725
481586313
481589033
481602642
481605121
481612031
481634781
481633424
481636958
481642308
481642866
481645656
481681855
481703391
481703063
481703718
481732608
481719298
481742014
481753173
481774862
481788001
481788214
481838864
481813146
481884591
481901836
481903750
481933532
481920079
481939732
481987305
481989685
481979010
482009128
482014546
482024266
482026870
482027911
482047785
482048179
482067737
482069344
482069403
482069488
482073442
482073297
482078935
482078227
482079077
482085188
482085176
482085268
482017560
482085861
482087964
482089105
482089678
482088921
482093241
482093456
482095322
482096610
482095977
482096719
482097101
482097427
482097798
482097821
482098493
482098252
482098042
482099632
482099639
482104192
482104946
482104962
482104412
482105150
482108268
482109424
482109837
482114806
482114358
482116790
482117878
482119297
482119785
482124648
482119987
482124795
482124877
482128994
482127802
482153496
482220674
482210961
482355473
482437951
482509754
482514772
482544837
482524529
482558730
482545071
482558973
482574251
482583341
482659083
482584118
482686603
482687589
482689372
482716989
482712720
482742461
482733683
482755748
482758570
482764204
482781403
482783591
482770243
482790246
482803904
482804719
482816953
482829632
482846486
482853410
482855351
482856422
482855436
482858184
482856560
482859163
482861413
482862561
482862970
482863390
482867047
482867216
482864769
482869433
482869829
482874541
482873813
482875957
482880462
482876739
482881550
482884283
482885029
482885352
482885961
482888478
482889425
482891906
482892720
482892181
482892968
482893382
482893749
482896520
482898956
482898882
482902524
482905119
482910267
482910195
482910980
482911709
482912612
482912379
482915413
482919265
482922568
482922587
482923253
482926432
482924661
482931904
482929736
482933609
482933233
482934972
482937915
482938025
482943243
482946976
482949648
482952374
482956732
482957739
482961183
482961900
482966486
482971935
482973254
482978805
482978337
482983782
482983471
482984791
482985731
482986367
482986873
482987110
482987558
482990965
482994146
483004659
483007511
483004226
483014163
483014303
483015991
483020044
483025744
483023418
483038825
483039759
483039761
483043647
483044164
483045921
483055695
483063298
483069151
483074411
483075742
483075902
483079331
483078402
483079603
483079741
483083239
483089054
483083288
483094994
483094043
483095826
483099009
483099142
483104350
483107896
483115055
483116519
483119265
483127948
483128176
483131524
483137382
483137850
483137527
483142516
483143975
483150578
483155474
483154700
483161625
483161843
483162050
483171653
483179074
483179411
483183884
483187769
483188256
483194099
483203561
483210976
483200643
483212186
483224515
483229641
483224674
483233139
483235717
483236309
483237949
483245884
483247076
483282891
483287276
483283862
483287036
483296759
483300871
483299479
483312988
483304931
483317631
483323313
483337886
483346080
483355801
483346130
483363779
483363180
483374936
483385619
483386499
483388684
483405371
483409044
483421285
483430044
483430791
483442415
483441569
483456385
483461137
483486206
483497773
483501443
483534819
483538956
483549839
483549309
483561785
483582008
483605953
483632064
483629483
483634516
483650385
483676526
483704489
483727084
483744928
483742271
483770741
483808436
483827091
483819508
483828288
483827861
483855904
483888133
483895677
483946814
483953689
483958548
483963657
483982875
483970282
483993500
483989527
484026146
484024095
484034687
484035948
484036716
484036430
484037375
484038290
484037437
484038130
484044175
484045306
484044785
484045858
484046464
484047277
484048130
484047594
484048974
484048155
484049717
484049108
484049722
484050057
484049744
484055252
484055366
484058788
484056873
484059897
484063220
484064144
484064445
484084701
484064713
484086414
484086798
484086957
484087369
484089019
484093927
484094733
484095079
484096072
484094312
484096095
484096810
484098074
484097817
484098113
484098401
484099652
484099078
484103492
484103741
484103989
484104331
484104217
484105717
484104362
484105769
484105857
484105947
484106377
484109346
484106980
484115463
484115272
484116044
484117104
484118351
484117796
484118925
484119347
484123873
484120024
484124072
484124637
484124586
484124740
484126722
484126215
484126862
484128390
484129124
484129750
484129349
484133006
484136740
484133989
484137026
484137153
484138551
484139691
484138929
484142568
484143553
484144092
484147166
484147519
484148897
484149059
484148962
484149068
484149325
484149942
484150035
484150260
484150264
484151662
484154133
484154618
484154336
484154667
484155979
484156703
484157495
484157410
484159825
484159938
484160396
484162617
484163862
484165208
484165761
484166391
484166106
484168180
484172214
484172354
484173052
484174144
484174881
484176443
484177942
484178077
484178318
484178353
484178744
484179215
484179218
484179414
484180298
484180466
484180887
484182110
484182414
484182667
484182533
484183258
484183105
484184299
484185862
484189734
484189812
484190169
484190872
484191302
484195173
484194323
484192229
484196030
484197407
484196960
484198436
484198744
484199754
484201765
484203023
484203152
484203463
484203619
484205006
484203688
484203869
484206491
484206710
484207251
484209040
484209996
484209284
484210250
484211503
484212017
484213519
484216088
484216006
484218084
484221645
484221589
484222328
484221793
484221651
484223152
484224010
484223598
484224924
484226786
484226892
484227702
484228182
484229743
484231139
484232025
484232802
484232804
484233501
484233526
484235346
484234418
484234540
484235547
484235587
484236973
484237064
484238913
484237977
484238997
484241743
484243246
484243479
484243786
484244539
484245657
484244623
484245698
484245859
484246226
484248098
484248995
484249774
484252165
484253050
484257989
484257900
484259167
484260090
484260379
484260656
484263149
484264616
484267362
484271351
484268788
484271627
484272507
484272033
484272590
484273478
484274573
484276453
484278785
484279593
484282032
484282072
484283086
484283835
484284892
484286246
484284894
484286397
484286929
484286507
484287324
484287329
484288483
484289184
484289926
484291861
484293426
484292531
484292959
484294342
484294960
484295553
484283270
484295604
484296159
484296776
484297083
484297719
484297841
484298423
484298097
484298798
484299307
484302399
484304353
484305133
484306457
484305590
484308698
484307441
484308704
484309783
484311161
484311467
484311890
484311532
484313967
484316472
484316844
484318375
484319472
484320171
484321284
484321307
484321675
484323189
484323465
484324238
484326095
484326516
484328956
484328074
484330794
484329690
484337052
484337168
484335423
484338232
484338467
484338522
484339536
484339589
484341252
484342283
484343020
484339989
484344070
484344908
484345703
484346285
484347610
484349538
484349534
484348336
484351153
484353475
484354287
484355607
484355923
484356198
484356906
484357595
484359244
484360060
484360852
484361142
484362004
484363112
484365119
484367918
484370571
484369803
484372213
484372383
484373596
484378982
484379135
484381891
484381752
484382765
484382027
484382290
484383815
484383342
484385394
484386178
484386370
484386488
484386932
484387850
484388408
484390786
484392214
484393340
484394016
484394458
484394234
484394364
484396017
484396369
484396053
484398453
484398484
484398611
484398828
484401318
484401581
484401987
484402904
484401730
484404357
484403479
484407734
484412930
484411067
484412767
484414838
484415456
484418085
484419053
484419229
484419507
484419237
484421167
484420451
484421412
484423446
484422649
484423499
484426643
484427098
484427307
484427185
484428017
484427814
484428083
484428595
484428149
484429893
484429667
484432686
484433140
484435379
484437730
484438124
484438751
484440990
484442129
484442341
484441727
484442398
484440579
484443914
484447975
484443990
484448278
484455167
484469770
484473002
484474064
484475671
484475224
484475646
484475881
484479202
484480687
484479717
484482110
484482572
484485373
484482624
484491399
484492231
484492483
484495839
484498827
484499070
484499379
484500369
484500760
484501663
484500881
484502145
484502592
484504415
484504471
484504768
484504991
484506343
484506315
484509906
484511929
484511537
484515072
484518231
484516462
484517409
484519806
484522375
484522975
484525001
484527505
484529510
484528776
484531864
484529748
484531927
484532154
484532955
484532886
484534950
484533704
484535959
484537106
484538369
484536385
484539012
484539247
484539331
484542227
484540445
484543541
484544675
484543572
484543853
484545437
484555806
484557070
484556097
484561793
484559927
484565389
484568077
484569285
484570012
484570035
484570548
484573282
484572909
484573772
484573851
484574251
484574313
484581404
484575545
484582055
484582365
484583575
484583241
484583940
484583963
484585922
484585793
484586316
484588470
484588388
484588952
484589447
484589456
484589904
484590678
484594279
484591153
484594457
484595041
484595637
484595775
484596176
484598394
484596486
484599280
484599936
484602846
484604142
484606394
484607077
484607621
484607741
484607706
484608567
484613114
484609882
484614773
484610950
484614890
484616449
484615879
484619981
484621610
484621782
484621614
484622095
484622297
484624220
484624471
484625368
484626158
484629635
484629726
484629786
484630840
484631890
484631988
484631991
484632078
484632328
484632520
484633069
484632757
484633202
484635849
484636234
484640041
484641134
484643337
484642314
484643933
484643489
484643819
484644067
484644070
484644596
484646711
484648508
484648881
484650367
484650790
484652090
484651267
484653490
484658664
484657497
484659816
484667061
484665347
484662341
484667605
484669556
484674775
484672810
484674951
484683677
484683877
484684360
484684732
484685422
484686823
484686071
484689052
484691929
484692498
484692808
484693357
484698951
484700369
484700471
484700383
484701907
484700872
484707215
484706049
484711819
484709149
484709552
484712593
484714264
484714695
484717101
484719897
484724078
484725783
484721726
484732174
484728533
484732033
484733166
484733514
484734676
484734936
484735293
484735729
484735825
484735829
484736182
484738784
484738146
484738963
484741967
484742145
484742895
484743606
484744643
484743776
484745396
484744009
484745916
484746970
484749910
484752431
484752943
484753090
484756274
484756971
484759546
484757185
484759670
484761048
484766038
484768090
484769038
484768748
484769865
484773198
484774089
484774734
484775262
484775808
484776788
484779470
484781965
484785995
484787565
484791143
484788997
484796658
484798040
484804208
484805280
484805793
484807368
484807376
484808471
484813521
484813602
484814370
484814468
484817323
484823846
484825028
484825056
484828436
484829152
484832668
484835943
484832916
484837998
484838141
484838768
484845754
484849549
484856017
484853958
484857045
484857115
484866814
484864565
484873004
484869639
484869750
484875531
484877072
484880796
484881469
484885947
484886536
484887664
484888041
484888658
484893670
484889712
484909316
484896770
484915987
484926050
484930874
484932134
484938841
484934809
484941697
484941733
484954763
484965032
484959513
484965372
484978115
484978663
485003853
485005854
485007855
485013606
485043106
485127665
485074100
485139045
485146363
485156492
485173827
485224095
485222377
485192039
485230544
485236123
485251498
485283973
485268703
485298819
485343796
485370049
485378456
485403154
485379327
485405364
485404098
485405430
485408856
485407191
485410971
485411432
485412120
485412396
485412626
485413693
485413745
485415474
485417869
485416915
485418747
485418460
485419190
485419532
485422449
485422521
485423018
485424619
485423440
485424800
485424955
485425335
485428824
485429412
485430732
485430957
485436161
485437271
485438417
485438446
485438676
485438740
485439382
485441820
485442937
485444267
485446414
485447442
485446642
485447095
485448037
485448872
485451746
485451858
485455942
485456187
485457563
485456286
485459260
485459342
485459928
485461384
485461737
485461863
485461983
485462471
485467916
485468251
485468773
485470051
485470076
485462455
485472687
485473320
485474048
485474356
485474866
485474773
485475458
485475309
485476190
485476615
485478264
485478428
485479310
485482339
485482905
485483603
485484946
485484984
485487030
485490446
485490885
485491402
485491980
485492170
485492247
485494265
485484793
485494334
485496538
485495636
485500241
485500492
485500592
485501095
485502117
485503006
485503726
485504136
485504429
485505241
485507075
485507757
485509561
485508391
485511606
485513545
485514389
485513863
485515671
485515906
485517261
485517593
485518741
485519520
485518418
485520350
485520637
485521135
485521322
485521844
485521794
485522869
485522894
485525244
485526388
485526698
485528709
485529527
485530562
485532058
485532943
485533510
485534574
485534962
485535285
485536957
485537094
485537901
485541233
485541452
485541588
485543477
485543505
485545287
485546878
485546890
485547065
485547070
485547196
485547675
485548159
485548564
485556476
485556523
485558586
485560672
485565862
485566354
485568175
485569112
485570843
485569689
485574368
485574738
485574839
485576538
485576584
485575637
485577150
485579660
485580094
485582259
485582663
485583176
485583323
485583648
485584911
485583874
485585139
485586564
485587207
485588591
485589774
485592253
485592581
485592783
485594620
485594945
485596122
485596426
485597551
485597199
485598014
485598871
485599236
485601599
485599293
485602659
485601660
485602700
485602889
485603137
485603614
485609558
485609670
485611330
485610274
485611667
485611773
485612046
485612502
485614746
485615464
485615477
485616166
485617413
485616382
485618361
485617767
485618196
485619885
485618509
485619472
485621142
485620857
485622388
485621972
485622653
485625847
485626013
485625989
485626938
485630576
485632185
485633509
485634079
485634357
485636059
485636140
485637536
485638147
485639442
485639218
485639068
485639567
485639812
485641655
485642256
485643530
485644370
485645389
485648074
485647355
485651871
485652545
485652497
485653823
485654714
485654884
485655703
485655944
485656116
485656982
485658906
485657035
485659864
485661504
485662854
485663017
485663435
485664846
485663810
485666895
485669146
485672933
485671780
485672480
485673490
485673607
485673690
485675026
485675251
485675416
485676502
485675269
485679526
485677297
485683214
485682961
485685017
485685825
485687282
485685093
485688531
485689953
485690739
485691422
485694254
485694330
485694656
485697886
485698660
485699436
485701254
485701364
485701708
485702443
485703821
485703840
485705125
485706240
485708088
485708663
485708688
485708849
485709982
485710270
485711379
485711452
485713843
485713928
485712954
485714137
485715820
485717996
485717392
485719634
485718036
485721131
485721862
485723074
485723423
485723675
485723766
485726757
485727375
485727369
485730284
485731653
485728802
485731786
485732826
485732585
485735003
485736114
485736128
485738397
485738913
485741051
485739691
485741157
485742766
485743061
485743696
485746983
485747801
485748277
485748702
485749095
485751365
485749399
485751763
485752758
485752490
485753680
485752796
485754212
485757819
485757001
485758857
485758078
485761068
485761553
485761752
485762059
485763178
485762871
485764353
485763630
485763965
485765224
485764958
485765559
485765501
485766072
485767369
485767545
485767669
485770669
485770848
485771451
485771137
485771474
485772077
485772140
485773846
485774084
485774180
485775786
485780064
485783392
485787601
485786008
485788134
485790266
485795482
485796494
485797031
485797836
485802376
485802495
485806403
485803394
485804513
485806900
485807902
485811690
485809029
485811264
485814970
485824045
485817146
485825012
485824250
485825261
485827027
485827745
485827758
485829225
485829418
485829489
485829748
485830463
485833680
485833392
485834101
485835178
485835245
485837164
485838606
485839528
485841624
485841377
485842173
485843866
485843364
485848603
485850660
485851476
485852186
485856947
485857300
485857448
485857898
485857921
485859858
485857941
485861240
485861469
485864079
485866684
485867570
485869041
485868219
485869096
485871080
485871250
485871511
485875610
485872744
485873899
485877601
485881605
485879815
485881919
485881667
485883297
485884432
485885985
485887867
485888717
485890146
485890442
485893851
485893987
485894478
485899678
485902655
485904123
485905769
485905774
485907461
485909520
485909567
485913573
485912270
485914345
485914584
485916112
485917179
485917556
485916796
485917601
485923156
485919250
485919276
485925878
485926310
485926426
485926435
485927133
485926433
485927910
485928351
485928981
485931748
485929361
485932183
485935638
485939423
485939265
485947633
485949944
485952357
485949959
485952372
485957241
485954447
485958265
485958782
485959524
485960391
485961867
485962897
485962253
485962955
485965377
485966093
485971146
485973118
485972281
485973425
485975161
485974174
485976156
485976509
485978268
485980091
485981659
485982383
485983416
485983414
485983610
485983871
485985487
485986176
485986551
485989209
485991141
485995358
485997748
485998895
486003794
486007540
486007410
486007836
486008119
486008452
486009782
486014756
486010008
486016248
486017458
486018075
486018116
486019708
486023584
486028736
486027683
486028760
486029008
486029971
486034858
486034246
486035069
486035117
486037321
486038585
486037826
486043952
486043750
486044758
486046669
486047461
486054354
486055456
486054909
486058782
486059202
486064890
486069205
486073393
486074248
486074176
486076387
486074434
486074572
486077287
486077485
486083281
486084649
486095739
486095776
486096300
486095889
486096497
486108214
486108747
486108938
486109393
486109071
486113497
486115515
486114405
486115674
486117140
486116303
486117614
486117612
486119413
486117903
486123382
486119380
486123939
486127573
486126547
486129353
486130656
486138390
486142533
486143585
486147163
486147757
486148905
486150459
486157977
486153881
486155268
486160653
486161492
486162719
486162894
486169664
486163581
486169804
486172880
486170358
486177247
486176737
486183291
486185103
486184091
486184983
486191407
486193116
486196207
486197770
486197975
486198380
486200243
486203770
486204943
486205226
486205877
486205418
486206800
486210781
486208281
486214122
486214838
486215382
486215651
486217253
486219289
486218843
486220075
486221307
486223297
486225011
486232780
486228132
486232925
486234495
486237442
486234740
486236947
486238030
486248054
486246729
486248669
486250273
486250589
486251711
486252261
486262739
486261551
486267106
486269487
486274070
486277455
486277960
486278593
486282023
486283474
486286035
486284983
486286407
486289895
486292908
486304316
486305794
486307629
486312253
486319095
486321771
486320093
486320258
486327059
486322393
486327145
486336195
486337510
486343029
486347032
486348782
486349385
486363155
486364389
486367227
486371845
486372204
486372956
486373600
486375938
486386946
486396136
486392390
486397034
486399371
486400276
486401670
486404413
486405534
486406223
486409102
486406765
486411154
486409810
486424091
486424547
486433004
486433502
486439514
486454904
486455064
486457217
486465573
486457332
486466214
486490132
486465634
486489792
486493414
486498142
486501782
486521686
486508187
486522119
486523299
486546648
486538843
486551172
486551053
486558992
486578852
486579523
486588202
486635979
486645712
486669405
486675610
486682360
486682286
486679876
486683391
486687506
486709838
486719342
486718876
486780652
486798706
486812325
486827178
486844855
486849301
486891423
486891253
486913534
486906473
486907122
486924481
486921379
486926526
486940062
486937366
486943098
486944972
486945518
486946011
486945589
486946712
486946025
486947545
486947752
486947281
486948081
486948814
486948870
486948952
486949196
486949252
486951699
486951797
486951814
486951890
486952167
486952186
486953081
486952402
486952779
486954815
486957935
486957523
486958080
486958468
486959200
486959359
486960057
486961078
486961460
486961344
486961682
486962298
486962374
486962674
486964129
486964054
486967251
486965489
486967480
486967600
486968056
486969348
486969855
486973210
486973990
486974106
486971179
486974287
486975648
486974748
486975952
486976550
486979896
486980976
486978249
486980003
486981459
486981936
486981928
486982471
486983504
486985638
486985793
486986446
486987236
486989607
486989775
486992819
486993566
486995874
486996505
486999311
487000966
487002074
487001530
487002210
487002796
487002834
487004262
487004372
487004641
487007729
487008568
487009097
487008479
487009150
487009565
487009737
487013970
487015676
487016891
487016957
487017547
487017294
487018994
487019104
487024286
487024906
487025504
487025629
487026125
487027381
487027858
487027874
487028062
487028164
487028277
487029914
487035154
487035297
487036577
487037088
487039229
487039579
487043188
487044872
487046799
487047419
487047452
487047975
487048321
487048987
487049293
487053953
487054692
487054187
487055631
487055314
487054800
487055745
487055794
487056089
487056697
487057833
487057726
487059343
487059611
487059463
487063105
487063474
487063484
487063985
487064704
487064986
487065188
487064507
487066037
487066502
487068928
487073205
487074179
487074269
487075697
487075876
487076378
487076169
487076490
487076760
487078096
487078969
487078348
487084710
487084398
487085549
487085536
487085795
487085986
487086121
487086174
487087163
487088248
487089233
487093183
487093211
487093504
487093960
487094722
487096157
487096515
487096996
487097215
487099285
487099348
487099864
487104993
487105554
487105303
487105580
487105695
487106153
487105913
487106536
487106778
487107681
487106969
487108028
487108475
487113963
487116446
487117038
487117992
487118493
487119160
487119683
487123299
487124599
487125871
487126082
487126442
487127141
487127264
487127248
487127360
487127447
487127967
487128538
487128580
487129110
487128959
487129167
487131264
487131321
487131356
487133175
487133581
487133975
487135802
487137584
487137989
487139043
487138634
487140090
487141343
487143237
487145810
487145883
487146987
487146682
487147066
487147207
487147183
487147629
487148941
487149314
487149970
487152280
487155853
487159099
487159385
487161586
487162782
487163011
487163748
487164388
487165635
487168055
487168636
487169026
487169619
487169684
487170889
487172966
487172985
487174261
487175033
487179004
487180156
487181461
487182887
487183041
487183980
487185306
487184159
487186135
487186202
487186471
487186529
487187409
487187608
487189338
487189505
487191041
487191286
487192968
487193325
487193351
487193861
487196341
487200364
487204796
487207129
487207835
487210181
487210376
487212724
487213313
487213357
487213757
487214965
487215487
487215711
487220780
487225180
487221503
487225056
487226947
487227477
487228640
487229423
487231547
487231609
487232174
487233219
487232401
487233317
487233497
487233983
487235005
487235704
487238670
487239434
487240472
487242732
487241361
487242865
487244231
487245595
487251879
487251887
487258642
487258723
487262952
487264536
487277421
487269458
487278765
487282460
487284281
487285556
487290853
487291544
487257306
487292260
487292696
487293385
487295970
487295983
487299273
487301513
487301936
487303483
487303878
487305326
487310869
487315844
487315740
487324290
487325891
487342795
487345642
487346644
487350300
487353860
487354154
487358492
487359327
487369034
487369572
487372523
487407041
487402993
487424460
487467682
487472004
487472184
487522232
487537857
487545280
487552053
487575048
487575120
487575306
487576121
487575517
487577509
487577784
487576765
487577870
487579233
487579983
487580635
487580955
487582293
487582564
487582920
487583447
487583909
487584393
487584887
487586454
487591314
487589889
487592246
487593977
487594132
487594941
487595243
487595360
487597022
487597238
487597320
487597339
487597910
487597933
487598029
487599302
487599466
487600249
487602084
487603690
487603490
487605264
487605728
487605815
487606442
487606676
487608305
487612591
487613007
487613436
487614838
487616279
487616871
487616898
487618052
487617726
487619347
487618608
487620191
487620494
487621705
487621612
487621722
487622700
487623146
487623194
487623769
487624585
487623626
487624893
487626193
487627630
487628729
487629745
487632032
487632695
487633499
487634658
487636932
487638076
487637684
487638336
487638600
487638668
487639711
487639272
487640158
487641437
487642464
487641960
487644306
487644462
487645093
487645298
487645406
487647320
487647350
487648221
487649213
487649542
487651766
487651725
487652165
487655730
487652617
487656726
487656457
487657159
487657482
487657597
487658265
487662893
487663795
487665478
487666021
487665831
487666813
487666599
487669249
487668329
487669282
487671440
487671363
487671447
487672493
487673996
487675690
487674810
487675824
487676367
487677114
487677271
487677559
487678964
487682586
487682796
487683079
487683669
487683798
487684229
487684543
487685725
487688389
487688427
487688511
487688937
487689191
487694454
487693190
487696069
487696752
487701292
487700798
487700879
487702832
487704812
487705060
487706596
487705663
487707581
487708514
487709309
487711358
487711285
487713703
487715085
487715934
487715096
487715948
487716657
487716711
487718059
487720139
487720676
487722839
487723454
487726138
487726186
487726239
487729297
487730010
487729778
487731137
487732537
487734117
487732695
487734263
487734510
487734929
487735632
487736869
487735819
487736926
487737965
487737872
487738862
487743197
487739943
487743298
487743367
487743636
487743916
487745493
487745886
487746861
487745982
487747167
487747173
487748336
487750007
487752064
487750678
487753584
487754141
487753731
487757430
487757527
487760292
487761600
487758943
487761941
487763037
487763008
487764247
487766043
487766450
487766453
487768826
487767915
487768807
487780869
487781517
487782227
487783232
487786905
487790460
487791992
487792884
487794342
487793119
487794831
487795582
487800029
487805830
487801579
487803719
487806135
487808563
487808766
487809054
487809725
487812572
487811621
487814192
487811700
487814806
487817501
487823985
487826579
487826978
487827844
487830362
487832605
487833270
487833299
487835429
487837378
487836869
487839478
487843905
487844876
487847618
487849202
487849420
487852532
487853072
487855837
487856383
487860135
487861306
487864448
487889373
487892738
487896387
487919080
487907746
487966943
487944258
487973034
488018657
488065755
488066411
488077044
488075574
488130154
488145886
488169811
488171698
488205945
488200470
488171712
488238418
488259757
488263969
488264395
488268277
488268514
488269517
488268809
488272163
488272342
488272982
488274658
488275239
488277644
488278103
488278894
488278969
488279547
488279710
488280465
488281703
488284508
488286204
488286501
488287329
488286849
488289053
488293240
488293524
488293974
488294808
488297386
488299580
488300137
488301354
488302547
488303174
488303067
488303810
488304706
488304635
488305765
488306624
488307070
488308106
488309029
488310027
488314182
488311554
488314184
488317273
488318289
488319689
488320338
488320381
488320845
488322137
488326020
488326950
488326131
488327263
488329465
488332399
488335098
488335225
488335631
488336538
488336723
488337877
488337930
488338922
488342681
488341251
488346417
488348472
488348248
488348511
488348655
488349457
488350237
488349801
488350899
488351948
488351744
488352607
488352873
488354415
488358397
488359404
488359964
488361425
488361825
488364933
488365223
488363425
488367589
488369302
488372969
488372479
488374354
488374535
488374960
488376129
488376315
488377532
488378715
488379147
488381200
488387709
488389760
488390049
488390455
488390743
488390871
488391428
488391356
488391845
488394295
488397294
488401771
488401443
488401801
488407186
488411757
488413087
488413126
488416984
488421380
488421550
488422644
488421907
488426003
488428834
488430990
488430386
488431587
488431726
488436394
488436032
488438127
488443878
488443991
488443957
488446188
488447525
488448395
488449595
488448506
488452962
488456687
488457061
488454219
488457087
488457653
488459105
488461552
488462499
488462878
488465176
488464905
488467612
488467953
488470772
488471389
488472490
488474267
488474344
488475805
488477469
488479008
488479509
488480894
488481983
488484024
488485495
488487549
488489278
488489615
488493246
488495165
488503801
488500686
488505598
488507269
488508435
488509129
488509381
488510058
488511337
488510758
488513964
488514349
488514495
488516003
488516498
488512534
488519408
488519524
488519746
488519892
488521975
488528946
488530236
488532511
488535391
488538199
488540383
488541892
488554504
488544383
488562212
488562990
488564187
488567868
488570972
488579932
488578349
488589947
488591889
488594790
488593908
488596338
488600371
488603973
488604048
488612365
488610253
488612274
488612579
488612669
488614374
488617164
488616652
488618760
488632119
488627584
488634279
488637043
488647438
488648195
488649019
488648514
488651704
488653455
488657564
488657330
488691693
488693171
488719928
488718240
488737010
488743709
488727952
488766478
488773271
488794885
488785400
488809962
488828477
488829594
488891948
488930002
488960564
490476874
491209734
497156078
498206722
498660886
501036480
501049418
501068143
501099105
501486824
501536615
501634263
501764861
501832672
501805350
505198817
507078146
507315485
507599410
507817543
507994519
507819809
507886761
507996339
508224276
508128723
508364044
508296615
508459521
508486842
508988183
513313657
513313955
514491554
519908583
524314943
528155230
528177474
528893720
535185392
535693527
544897528
535727638
536511418
545528578
547156582
547791625
547529605
565242651
554193289
575057744
577144910
577406672
577542155
577791936
577996434
577984400
578247818
577997664
578437314
578398215
583069420
595882163
596034908
577292648
596064541
596154893
597035130
597070050
597724274
598675825
598795814
599706856
599870538
599907948
605699778
599676605
614231922
617323054
617408004
617706892
617807967
617966449
619602784
626669732
624818907
627419055
627397708
627462513
627495593
627704217
627887419
630380450
631267821
632214543
642244980
643229070
643402708
643436056
643765345
643832541
644425673
644710572
644760484
644762614
644994895
645707704
645689441
646406329
646752846
647804427
647812752
647809317
647810376
647815789
647833798
647840640
647818472
647851254
647913813
647939382
647959984
648563642
648830396
649356701
651387620
651164959
652927986
652955731
654624538
656178671
656342673
656493070
656459742
657346134
657444965
657587431
657986363
663968715
676325807
702003495
702193304
703292448
702195032
704151840
705859182
707302003
707817130
707904037
708953809
709113571
709522179
715453511
715495280
717231070
717643493
717409140
717702263
717803360
717823714
717869825
717893404
718175967
718005109
718225689
718286026
718245764
718331613
718412432
718932904
718657162
723948237
723978693
727176610
727347714
727925539
728077297
727947023
728128419
728135212
728158697
728244069
728198177
728282132
728267605
728338575
728344347
728581970
728614778
728642088
728653239
728677213
728770471
728757058
728691617
728770852
728860692
728818955
728862009
734404207
728896963
735994099
736285748
737153833
737169799
737267993
738192790
737336327
738194689
738256458
743189464
738767027
738998410
744017868
744283567
744388715
744419007
744938976
744469491
746160743
745208819
747106053
747334785
747472852
748069477
748119056
748179794
748311931
748368272
748374568
748382575
748411281
748421617
748432764
748438194
748514010
748775631
748808926
748815794
748923581
750486183
751843155
753507016
753192709
756988391
757230431
757521703
757144316
757903344
758109566
758502382
758119960
758643267
758794294
758987264
761195562
761839566
761975936
761920431
762804615
761979766
766368261
766496584
766506683
766551642
766647255
767039419
767339648
767986841
767992549
768127296
768306744
768509400
768511813
768783546
768617442
769926477
768874921
773862075
771261338
774280934
774410156
775584730
776194805
776211881
776290650
778569832
779166892
779918265
781532776
782292236
783516867
783671618
783597391
783715630
783842615
785970835
786849510
787034718
787014314
787227595
787349109
787936967
790331768
792950237
794835733
794897878
798360475
798284608
798846549
798971400
804982801
807446810
805794598
807596434
807685424
807614879
810127546
809411964
812703903
815691313
823639169
825066068
819398061
825890632
827750834
827784764
836639806
827852528
827794471
837991805
838266907
838978322
838327307
844332157
842189637
840989059
844997936
845190366
845013413
845742824
847142257
847163002
847425879
847159809
847435031
847612715
848095459
848593282
848252966
848964863
852615040
857084143
857139643
857155336
858206254
858255907
858191037
858495365
858584734
858619416
858842645
858907149
858917918
859118197
859363085
859790577
859887898
860269123
861177056
860179756
865812014
867045705
867152401
867272936
867548756
870852263
871412998
871860658
873047956
872827429
876610037
875502321
876963723
876187410
877035132
877221860
877280139
877332168
877343551
877805614
877845517
877994024
877994215
878262941
878174697
878366126
878425639
878574784
878576348
878595059
878596508
878622015
878632386
878908451
879685364
891255091
891407749
891301412
892192917
894735197
894262505
895320272
895539703
895576401
895840139
896006095
896099295
896202376
896073376
896278683
896284370
896298879
896333739
896734381
896778341
896756868
897259532
896894233
897383151
897438254
897468355
897525549
897916214
897783031
897957985
898289648
898412302
898425754
898447736
898642736
898819643
908109796
908253762
908250245
908299628
908651455
908751417
908814810
908883149
908933509
908948519
908935048
909224125
909321568
909263347
909391053
909347266
910382736
910831946
910849193
912623225
914477028
915477459
916245036
917242792
916584018
917391858
917442998
917545959
917565706
917802560
917824928
917866753
917945406
917945807
918565236
918735004
918790398
918820670
918944681
918859341
918937705
923276006
918963766
927089461
927155429
927017513
927208930
927320978
927290900
927324804
927324966
927342052
927348334
927436413
927426436
927495631
927638375
927682614
927715917
927815021
928868028
927881705
929960485
930805879
934932860
936053696
937449101
937808385
941420276
941403358
942904779
945649958
946103324
946543423
948292137
947002336
952185673
952961338
954915285
956125145
956805747
957315920
957428699
957522549
958240855
958789920
958916614
958462955
960942842
962670051
964639932
965286499
965853077
971387511
969471332
970562401
971804503
974606710
975814090
974613419
976911464
977039403
977278813
977475183
977362509
977497290
977712528
985797491
986278257
987115491
987958394
991443825
992173145
993235395
995307632
995598024
997212103
997233816
997307039
997416650
997326438
997607690
997819610
997813125
997984985
997936806
1011673145
1071605559
1195729585
1265906405
1279956805
1347481082
1372700841
1399255240
1400835906
1405442311
1413064045
1417818721
1417985683
1430795761
1431955575
1434712743
1452364532
1439408848
1444863752
1462450337
1462318224
1463118349
1469400799
1469941823
1470072970
1471892755
1473395120
1472675864
1477035059
1476816146
1477415886
1477201086
1480408141
1477883710
1480055811
1480464707
1487334065
1480586289
1492510199
1491120454
1492597855
1492848918
1501494311
1503336472
1507819551
1516546196
1521946662
1521301455
1526617113
1530861910
1534562945
1536292423
1537660738
1539087832
1540107314
1541577624
1541257197
1542452258
1544313523
1543589385
1544462155
1545631159
1546659567
1546771093
1546061639
1547556885
1547835489
1549346854
1554176357
1554766794
1556019713
1564102899
1565828798
1569401468
1569419829
1569751060
1570714481
1572628117
1572978552
1573887448
1574951779
1575063851
1575114061
1575541402
1575306519
1575649010
1577623600
1577537481
1579286463
1580384658
1580725691
1580779310
1581057636
1582256196
1582453960
1582474219
1582630147
1583005214
1583380780
1583612806
1584020043
1584014399
1584720591
1585025919
1585115028
1585190787
1585249412
1585435831
1585823143
1586299035
1586346253
1586461966
1586715094
1586957665
1587405442
1589280395
1592496832
1594426065
1594524884
1592159417
1595029066
1595212643
1595360338
1595774841
1595996038
1597030191
1596296507
1598629475
1599273907
1599921240
1601153091
1601632986
1602505081
1602641725
1602676588
1603006201
1604145268
1604291877
1605233890
1606085574
1606093303
1606731415
1607081259
1607612537
1607735249
1609098384
1609730316
1610035784
1610572427
1610591432
1610593131
1611016587
1610818871
1611412602
1612372919
1612751237
1613038980
1613007182
1613254431
1613257945
1613315805
1613499827
1613913445
1614283549
1615082843
1617152979
1615331087
1617845008
1619148875
1619296939
1619533193
1619786863
1619791497
1619917378
1621338669
1621383649
1621960568
1622566779
1622648293
1622853016
1622758188
1622854894
1623157035
1623307515
1623316420
1623326248
1624204861
1624231649
1624273481
1624655233
1624811836
1625152726
1625062457
1625186171
1625236821
1625607119
1625668764
1625693957
1625697467
1625835828
1625869319
1625945209
1625980396
1626134439
1626402339
1626349477
1626484056
1626540587
1626594656
1627028212
1627260278
1627460586
1627614315
1627767659
1628410198
1628517097
1628845829
1632112592
1632444843
1632694132
1632861529
1633035447
1633417853
1633596581
1634449429
1633685144
1634484610
1634504147
1634589093
1635369512
1635620610
1635653127
1635680345
1635666567
1636504605
1636520942
1636592573
1636595721
1636626989
1636766080
1636812275
1636897639
1637448074
1637780343
1637795938
1637903808
1638007378
1638268847
1638271375
1638322459
1638400027
1638473177
1638594321
1638677808
1638795785
1640017064
1640142361
1640164797
1640220101
1640293574
1640289845
1640401154
1640693891
1640788032
1640969375
1641016679
1641041527
1641275907
1642261760
1642364393
1642417309
1642576062
1642681499
1642685373
1642691409
1642761639
1643074512
1643127961
1643146559
1643722350
1647779430
1647980973
1648016648
1648207743
1648415807
1649400949
1649580235
1649613788
1649701254
1649705616
1649997246
1650093752
1650254506
1650261374
1650301482
1650327465
1650503306
1650527370
1650702656
1650705039
1650811741
1651185428
1651054238
1651320784
1651491771
1651525295
1651695449
1651528293
1651720491
1651883433
1651889463
1652070881
1652419860
1652423507
1652424826
1652451831
1652540548
1652823500
1653145029
1653177088
1653209472
1653384562
1653432362
1653436663
1653684539
1653726902
1654418093
1654534917
1654672248
1654675699
1654688005
1656184961
1656597561
1656642814
1656841234
1657284195
1657298882
1657649365
1657725418
1658030701
1658241268
1658714691
1658784623
1658981884
1659026108
1659375059
1659201535
1659453182
1659565238
1659755564
1659984711
1659993569
1660086020
1660300282
1660476192
1660557021
1660888509
1660949335
1661473016
1661365421
1661511392
1661686057
1661705065
1661766928
1661780760
1661976094
1661883944
1661914989
1662067569
1662295513
1662377277
1662393606
1662555763
1662730169
1662702123
1662862084
1662875734
1662890488
1662951029
1663950436
1663951406
1664114801
1664678768
1664768904
1664805292
1664902032
1665085136
1665259896
1665269834
1665281626
1665294853
1665430188
1665654985
1665696316
1665766371
1665904827
1665949417
1666152504
1666322717
1666578252
1666852382
1667452204
1667682138
1667748303
1667846977
1667936051
1668047841
1668160802
1668173178
1668406063
1668465642
1669081743
1669562351
1669631321
1669659409
1669780253
1670098383
1670366524
1670517548
1670595083
1670657782
1670848177
1670889164
1677474794
1677822164
1677875408
1678039963
1678352975
1678410587
1679252665
1679304074
1679366062
1679375469
1679439181
1679920642
1679941433
1683180486
1683301245
1683517559
1683529830
1683617855
1683687961
1683844299
1683972053
1684048574
1684062120
1684235620
1684252757
1684259873
1684422323
1684458494
1684496747
1684766612
1684926170
1685048814
1685090505
1685099850
1685152069
1685560316
1685571274
1685626894
1685628168
1685684399
1685693663
1685703190
1685805582
1685864776
1685896982
1686056731
1686237953
1686243805
1686320280
1686332383
1686407491
1686597001
1686636254
1686660994
1686664133
1686723845
1686687371
1686735201
1686735991
1686789502
1687088974
1687059997
1687179454
1687305364
1687339698
1687448559
1687548096
1687520100
1687581220
1687840590
1690607472
1690736473
1690708755
1690762369
1690776180
1690779235
1690843993
1690887189
1691033735
1691090116
1691098303
1691180442
1691321626
1691325478
1691326321
1691351537
1691416159
1691477281
1691496229
1691502232
1691627012
1691653195
1691821570
1691909121
1692231128
1692241827
1692586845
1692606674
1692858286
1693020325
1693114774
1693414339
1693430019
1693504715
1693737447
1693751482
1693781872
1694260715
1694286724
1694364799
1694372080
1694720273
1694758489
1694952061
1695668771
1695692810
1695823835
1695847689
1695971347
1696149364
1696590747
1696629600
1697318155
1697320804
1697935579
1697742879
1710182019
1710467518
1710566615
1710671233
1710681794
1710910772
1711128115
1711148848
1711345028
1711367611
1711521337
1711569178
1711649524
1711773192
1711776783
1712104376
1712194600
1712327785
1712635273
1712494364
1712813523
1712936103
1713140152
1713407900
1713450994
1713476773
1713662927
1713869737
1713914902
1714099230
1714015601
1714248532
1714349761
1714526811
1714446192
1714593410
1714622862
1714726080
1714739463
1714800094
1714884734
1714977762
1715195624
1715261103
1715412951
1715610434
1715645576
1715692504
1715732914
1715748065
1715752516
1715814483
1715954398
1715820751
1716116559
1716265358
1716465504
1716482099
1716585099
1716627832
1716769313
1716723207
1716887104
1716902411
1716954528
1718109572
1718181168
1718115567
1718230189
1718389398
1718399674
1718432610
1718438310
1718473711
1718492042
1718631667
1718733910
1718779756
1718850268
1719003914
1719269200
1719350462
1719427998
1719465105
1719469903
1719593248
1719704563
1719728971
1719832303
1719855781
1719858635
1719918858
1719923465
1719943931
1719947537
1720013416
1720105479
1720113880
1720125943
1720221346
1720237945
1720297361
1720360588
1720385925
1720423027
1720469870
1720487373
1720619281
1720649364
1720795706
1720943236
1721024021
1721199012
1721298943
1721389022
1721436193
1721438915
1721460390
1721533048
1721561311
1721596984
1721667621
1721695169
1721809207
1721896927
1721898945
1721922151
1721997336
1721938131
1722026462
1722098581
1722108595
1722109103
1722139642
1722159836
1722249442
1722170357
1722250737
1722254317
1722347628
1722367290
1722403450
1722413818
1722423924
1722429421
1722524289
1722488070
1722528062
1722580866
1722626866
1722639480
1722675315
1722702868
1722741343
1722782556
1722769746
1722834037
1722843017
1722855654
1722873454
1722936223
1722877262
1722939080
1722954266
1722968950
1723077289
1723124651
1723116345
1723145016
1723151104
1723178923
1723298148
1723339217
1723348058
1723443896
1723601134
1723629580
1723629840
1723698998
1723730314
1723843571
1723829835
1723871080
1723901247
1723949352
1724052498
1724236265
1724121326
1724331906
1724342196
1724343405
1724405050
1724452166
1724922436
1725025926
1725016088
1725098775
1725320339
1725360368
1725377340
1725390285
1725570170
1725602700
1725775296
1725778981
1725822518
1725856291
1726058324
1726106099
1726352169
1726540450
1726553039
1726597163
1726599081
1726610156
1726631061
1726648120
1726658730
1726696447
1726892075
1726915344
1726926672
1726924061
1726974425
1726985252
1727063041
1727085838
1727413803
1727486734
1727500670
1727522803
1728164568
1728258386
1728329170
1728404990
1728418576
1728617630
1728511683
1728621631
1728624308
1728738023
1728789982
1728991984
1729012575
1729039700
1729098089
1729128743
1729146027
1729415537
1729581864
1729604890
1729650424
1729751856
1729753904
1729776814
1729823247
1729961022
1730091673
1730034113
1730278618
1730383483
1730392032
1730426272
1730537376
1730734534
1730807868
1730852424
1730895048
1731205810
1731247327
1731403937
1731443935
1731556615
1731621719
1731644649
1731802533
1731844498
1731948731
1732009531
1732042257
1732096037
1732105313
1732181655
1732297580
1732349964
1732591790
1732563683
1732603720
1732617580
1732691851
1733010025
1733115910
1733199481
1733372022
1733411565
1733442694
1733477704
1733499749
1733528965
1733588357
1733672921
1733680861
1733686670
1733723844
1733809554
1733855098
1733910071
1733947241
1735016316
1735095748
1735159604
1735204924
1735212852
1735221762
1735234971
1735223601
1735268295
1735282546
1735330420
1735334734
1735380760
1735387050
1735399014
1735425643
1735448404
1735460869
1735472845
1735533074
1735541490
1735507686
1735557817
1735559377
1735609851
1735623753
1735627659
1735656908
1735691633
1735772478
1735829245
1735846568
1735834349
1735861715
1735867251
1735949217
1736112341
1735964690
1736117653
1736171903
1736202873
1736206142
1736254499
1736261302
1736293949
1736324182
1736352931
1736356906
1736379340
1736416447
1736386651
1736437337
1736439686
1736506074
1736516112
1736520793
1736536123
1736551217
1736576809
1736615724
1736621753
1736734504
1736657342
1736858119
1736868192
1736882462
1736919516
1736940582
1736995575
1737016891
1737232432
1737251874
1737366470
1737374418
1737460424
1737688277
1737743016
1737869822
1738117682
1738172260
1738214337
1738254887
1738266572
1738278925
1738492398
1738548170
1738589319
1738795270
1738977590
1739264598
1739268339
1739448859
1739448512
1739582973
1739773217
1739951233
1740004027
1740128134
1740192968
1740212903
1740219569
1740219088
1740276763
1740397617
1740433979
1740448156
1740499903
1740526923
1740552617
1740557132
1740558758
1740575832
1740682011
1740933486
1740860342
1741070623
1741202692
1741250343
1741363104
1741377578
1741407769
1741492544
1741581379
1741604117
1741702835
1741613335
1741808534
1741782017
1741907962
1741938117
1741972629
1742008637
1742029787
1742100473
1742155096
1742264393
1742376595
1742426963
1742435633
1742445352
1742456168
1742474299
1742477151
1742627458
1742563549
1742652060
1742724078
1742898964
1742910788
1743016967
1743060369
1743125870
1743160396
1743245306
1743381998
1743456251
1743444216
1743478016
1743582095
1743655306
1743614101
1743758019
1743780619
1743911778
1744145766
1744140440
1744154045
1744165359
1744183157
1744253385
1744341378
1744307556
1744337903
1744397372
1744393481
1744459956
1744398406
1744463995
1744482014
1744487438
1744510251
1744526236
1744545645
1744548473
1744591843
1744636657
1744655518
1744710005
1744694454
1744710718
1744727317
1744738317
1744768385
1744790578
1744832685
1744871500
1744873278
1744873565
1744880667
1744946537
1745118722
1745004674
1745133078
1745127747
1745152998
1745239215
1745165758
1745272380
1745281327
1745286193
1745283636
1745335693
1745346574
1745345182
1745355634
1745390703
1745358035
1745427554
1745415848
1745401342
1745435188
1745455278
1745495129
1745506568
1745519198
1745530025
1745572901
1745589005
1745602783
1745593689
1745614522
1745623431
1745661236
1745759335
1745726312
1745837489
1745845109
1746020123
1745857003
1746094867
1746207130
1746229894
1746235978
1746290001
1746490710
1746463566
1746503181
1746672726
1746809798
1746933912
1746945092
1746949483
1747277240
1746990293
1747315837
1747395170
1747482587
1747524552
1747960436
1747919867
1748052724
1748207490
1748165341
1748245988
1748251200
1748282791
1748307906
1748330696
1748475909
1748474262
1748520918
1748537741
1748568881
1748742189
1748755949
1748894519
1748953604
1749037487
1749053527
1749069347
1749153823
1749210873
1749340144
1749384632
1749615946
1749530702
1749650619
1749706941
1749874873
1749959528
1750067159
1750021391
1750081096
1750219095
1750158503
1750315741
1750253525
1750374058
1750387235
1750450969
1750566161
1750526109
1750660924
1750693836
1750721404
1750920204
1750735820
1750857712
1750941588
1750978970
1750948713
1751044554
1751057468
1751059218
1751112791
1751177130
1751251173
1751295176
1751275393
1751522326
1751473187
1751547201
1751556906
1751561252
1751572305
1751666712
1751626701
1751695396
1751690073
1751726763
1751698251
1751738341
1751817087
1751900693
1752029219
1751967640
1752031712
1752049783
1752055623
1752286105
1752329584
1752113509
1752352931
1752376659
1752363188
1752381968
1752424276
1752483672
1752536066
1752584889
1752656226
1752714701
1752794237
1752860969
1752876357
1753043408
1753116440
1753118627
1753155945
1753204512
1753214247
1753177280
1753214646
1753232282
1753267807
1753292638
1753391644
1753393400
1753429300
1753489763
1753509895
1753509623
1753531055
1753553434
1753576192
1753791734
1753740206
1753797159
1753818315
1753826518
1753862723
1753885852
1753919372
1753926684
1753939057
1753928670
1753941760
1754022552
1754077709
1754154662
1754220548
1754224881
1754226029
1754246201
1754304638
1754305153
1754391651
1754485801
1754534367
1754585547
1754722650
1754726656
1754765956
1754840904
1754410310
1754900882
1754928143
1754956900
1755071528
1755046700
1755267115
1755164141
1755397955
1755398487
1755468665
1755545826
1755580729
1755605388
1755612356
1755681453
1755686058
1755692455
1755815176
1756008724
1755990486
1756081920
1756212872
1756282050
1756343681
1756492867
1756591514
1756609316
1756603406
1756644575
1756642274
1756714379
1755942895
1756763077
1756788057
1756885814
1757948605
1756927588
1756989242
1758018285
1758014628
1758018512
1758025177
1758086624
1758126221
1758156639
1758280452
1758283492
1758379915
1758370357
1758526169
1758585427
1758611152
1758651048
1758693108
1758657314
1758700472
1758760102
1758779552
1758843672
1758952554
1758939921
1759012383
1759006670
1759033078
1759127389
1759171198
1759134037
1759190078
1759193025
1759383991
1759472011
1759580127
1759488355
1759643189
1759629035
1759643702
1759740966
1759774279
1759851548
1759839622
1759908959
1759861394
1759854572
1759967119
1760059640
1760102683
1760084784
1759839879
1760116024
1760146493
1760185496
1760189426
1760192431
1760193631
1760205163
1760209850
1760377372
1760621436
1760630457
1760642419
1760735379
1760682504
1760740732
1760759422
1760824179
1761058525
1761129133
1761143518
1761181340
1761191127
1761153868
1761215766
1761278870
1761196105
1761286732
1761315502
1761341738
1761381428
1761392561
1761438601
1761474690
1761453933
1761521547
1761493804
1761566308
1761586473
1761568986
1761827997
1761822812
1762037065
1762038849
1762050941
1762232435
1762247520
1762223194
1762290029
1762292510
1762336965
1762358191
1762372487
1762464001
1762545476
1762590816
1762555942
1762598514
1762621047
1762635323
1762676078
1762653774
1762719867
1762684412
1762753916
1762925524
1764110350
1764159233
1764117674
1764216426
1764175215
1764220423
1764251058
1764293931
1764360227
1764374772
1764468325
1764552893
1764384012
1764621973
1764573420
1764595276
1764660548
1764661506
1764724241
1764824875
1764831945
1764861016
1764862321
1764929644
1764971800
1765007945
1765004811
1765030127
1765038197
1765078320
1765134725
1765308056
1765337542
1765374121
1765350758
1765400347
1765425923
1765479315
1765486400
1765508335
1765590825
1765619351
1765516415
1765620655
1765675156
1765700770
1765763250
1765779741
1765823824
1765848850
1765841837
1765961451
1765859662
1765966068
1766057632
1766183138
1766238563
1766440226
1766494036
1766530488
1766578657
1766585789
1766588280
1766684767
1766606072
1766791233
1766822869
1766869533
1766975424
1767018234
1767101694
1767096576
1767161692
1767291720
1767294052
1767989378
1768148745
1768185871
1768387696
1768416132
1768556682
1768564136
1768570132
1768698779
1768970714
1768720347
1769016208
1770084112
1770130736
1770093863
1770189560
1770346637
1770368650
1770415322
1770529336
1770632970
1770876573
1770945653
1770961115
1771034046
1771032742
1771251027
1771254723
1771328150
1771332391
1771357158
1771334025
1771355354
1771363661
1771464962
1771374596
1771544885
1771659335
1771644079
1771761560
1771813323
1771835592
1772089484
1772187112
1772047095
1772395911
1772436982
1772483701
1772661821
1772704226
1772742504
1772728639
1772821731
1772899647
1773002527
1773019614
1773050585
1773091440
1773097274
1773149132
1773192981
1773246044
1773262596
1773247408
1773248304
1773511840
1773492735
1773515548
1773555672
1773641889
1773659622
1773642473
1773823320
1773826094
1773967253
1773845496
1773891580
1774046388
1774066437
1774098195
1774096346
1774125274
1774172447
1774146877
1774370352
1774378570
1774267734
1774456492
1774600762
1774684386
1774716358
1774787782
1774849006
1774876177
1774922160
1776024878
1776019345
1776056452
1776063158
1776170795
1776153059
1776256954
1776272703
1776320561
1776313002
1776288823
1776328538
1776481802
1776528637
1776570926
1776577533
1776747856
1776735063
1776972008
1776811009
1778749807
1779112670
1779524534
1779546269
1779814252
1779824808
1779818032
1779844295
1780105776
1779919868
1780131073
1780005415
1780137557
1780417079
1780428309
1780516948
1780572259
1780522659
1780604424
1780698257
1780739423
1780945729
1780815605
1780741913
1780981893
1781067319
1781096902
1781118079
1781120973
1781176808
1781361925
1781259458
1781377871
1781395803
1781401430
1781471459
1781439866
1781580594
1781612771
1781631893
1781649782
1781819338
1781841599
1781845230
1781847006
1781899540
1781880507
1781944901
1781926735
1781967233
1781980894
1782925147
1783062758
1783124075
1783163596
1783182005
1783265525
1783379380
1783572078
1783658931
1783840228
1783989713
1784008201
1783991324
1784040141
1784023967
1784059083
1784068691
1784073319
1784187539
1784104894
1784239275
1784255897
1784469793
1784465887
1784506461
1784584773
1784590826
1784648249
1784662944
1784680154
1784683853
1784716513
1784749438
1784826345
1784868136
1784891328
1785003808
1785054594
1785167177
1785196326
1785210806
1785200943
1785228235
1785241306
1785336627
1785337318
1785348363
1785354380
1785407841
1785424005
1785424306
1785564086
1785518564
1785601968
1785581756
1785603784
1785611446
1785608932
1785687597
1785671495
1785716445
1785696320
1785728875
1785769724
1785867188
1785829790
1785895400
1785919980
1785886368
1785924175
1785933890
1785940518
1785959948
1785983647
1785992521
1786006085
1786081657
1786099172
1786135971
1786118427
1786208864
1786304496
1786320227
1786419735
1786421008
1786449045
1786657024
1786716211
1786707649
1786722979
1786796916
1786826902
1786798492
1786858809
1786864097
1787295455
1787120699
1787390155
1787382447
1787412783
1786739028
1787677910
1787690036
1787775219
1787915084
1787928716
1789080264
1789086159
1789163051
1789137887
1789297511
1789347057
1789333078
1789412475
1789375702
1789547308
1789615010
1789664390
1789698061
1789688619
1789708401
1789765254
1789786623
1789796909
1789843089
1789835634
1789849082
1789885930
1790025504
1789956393
1790078070
1790028475
1790155282
1790162882
1790241196
1790343025
1790299417
1790391081
1790457309
1790545664
1790657395
1790720228
1790835696
1790900245
1790935526
1790955453
1790975504
1790976668
1791026922
1791031063
1791039106
1791164309
1791415076
1791483849
1791484839
1791580586
1791621347
1791583161
1791693778
1791784449
1791736920
1791960108
1792169308
1792219847
1792243332
1792292076
1792343987
1792351009
1792385835
1792402453
1792442608
1792456814
1792472400
1792521558
1792559813
1792615070
1792581350
1792614471
1792678742
1792628794
1792732181
1792751248
1792752475
1792770881
1792823724
1792808566
1792969263
1793143896
1793235344
1793246069
1793252246
1793288469
1793348784
1793420828
1793420997
1793455781
1793480638
1793513503
1793535569
1793572368
1793549033
1793589481
1793586871
1793668470
1793759152
1794009421
1793985756
1793942079
1794023048
1794088584
1794120767
1794126008
1794195519
1794164713
1794220640
1794260884
1794201670
1794231619
1794318310
1794343724
1794387122
1794374961
1794380712
1794387465
1794400710
1794441317
1794418647
1794499343
1794491359
1794531266
1794532244
1794550400
1794556471
1794535745
1794562911
1794591737
1794567471
1794596772
1794602690
1794603960
1794609709
1794628704
1794627768
1794661409
1794629532
1794668178
1794697399
1794770180
1794757394
1794797046
1794823186
1794885455
1794964984
1795002997
1795010287
1795057147
1795086497
1795122134
1795101554
1795141405
1795197122
1795245026
1795390048
1795457670
1795503822
1795499542
1795569899
1795608809
1795704002
1795744087
1795747917
1795777509
1795779036
1795827868
1795793205
1795908266
1795912627
1795651657
1795919928
1795944966
1795956417
1795990169
1796061995
1796010275
1796036436
1796134805
1796117310
1796186978
1796212517
1796223823
1796345036
1796425906
1796433132
1796478949
1796525385
1796446071
1796574428
1796494210
1796626153
1796676103
1796660166
1796681146
1796700139
1796743593
1796838761
1796875825
1796833239
1796803163
1796941851
1797306092
1797062694
1797449378
1797569461
1797723822
1797577440
1797810025
1798090680
1798232574
1798379004
1798283943
1798604375
1798526167
1798614922
1798666457
1798703653
1798955198
1799059612
1799085757
1799170297
1799173976
1799183389
1799190342
1799412501
1799520012
1799766077
1799827514
1799949509
1801024949
1801009584
1801067041
1801061315
1801095125
1801097868
1801132834
1801136427
1801158923
1801152952
1801173532
1801222197
1801240057
1801275371
1801275909
1801313557
1801318195
1801336619
1801338504
1801428424
1801422706
1801448376
1801462357
1801604083
1801632927
1801653599
1801664967
1801718352
1801756720
1801787205
1801943864
1802014104
1802025593
1802025990
1802093196
1802031401
1802119704
1802135562
1802267342
1802289917
1802457716
1802421081
1802343753
1802487304
1802532435
1802526945
1802581649
1802566497
1802620603
1802587517
1802613312
1802674967
1802677858
1802684458
1802685336
1802788355
1802854183
1802866266
1802850975
1802867886
1802929397
1802963015
1802967963
1802995037
1803109404
1803269228
1803298651
1803273197
1803414182
1803458720
1803439310
1803629886
1803655763
1803657826
1803660281
1803735527
1803867096
1803836723
1804000287
1804067863
1804023340
1804135605
1804246846
1804156673
1804289883
1804440790
1804684737
1804734096
1804687345
1804829712
1804857567
1804844115
1804906512
1804975494
1805064380
1805233277
1805102686
1805277399
1805312230
1805427578
1805351753
1805453148
1805686982
1805775791
1805743269
1805840391
1805921206
1805977988
1805985523
1806100745
1806047260
1806061117
1806477571
1806429978
1806645435
1806483545
1806673430
1806689653
1806711858
1806714619
1806721397
1806759320
1806799429
1806841599
1806892607
1806970984
1807103570
1807250267
1807315954
1807257133
1807460884
1807642719
1807704741
1807841189
1807781427
1807956779
1807848797
1808454193
1808474172
1808492518
1808525202
1808532370
1808634832
1808685052
1808850456
1808747542
1809018274
1809033101
1808900284
1809148102
1809187158
1809306023
1809387054
1809453271
1809466243
1809427389
1809467238
1809508565
1809522435
1809507450
1809533500
1809652521
1809655600
1809659805
1809752846
1809691487
1809771851
1809787947
1809795015
1809804306
1809795719
1809839154
1809847747
1809849746
1809864252
1809870221
1809882109
1809875902
1809930944
1809883549
1809892134
1810008675
1810007825
1810026591
1810030892
1810086974
1810099693
1810127261
1810130563
1810132194
1810197954
1810194878
1810267225
1810281516
1810282625
1810305501
1810326858
1810374187
1810423821
1810427425
1810537749
1810583588
1810604216
1810702502
1810722517
1810724634
1810734292
1810989371
1810899368
1810999459
1811179328
1811072657
1811063203
1811238180
1811209958
1811250541
1811299390
1811355907
1811429951
1811327809
1811496149
1811497682
1811534659
1811548895
1811565929
1811586243
1811570020
1811594826
1811598548
1811622925
1811646440
1811688752
1811652518
1811736927
1811913186
1812340255
1812027619
1812455910
1812347587
1812532321
1812489237
1812633823
1812662755
1812797661
1812771097
1813070742
1812811470
1812954200
1812867487
1812893530
1813189884
1813183211
1813216637
1813257105
1813270208
1813276978
1813293804
1813413165
1813473955
1813593232
1813596430
1813597935
1813603882
1813619340
1813677500
1813726953
1813732891
1813764015
1813779049
1813843103
1813843356
1813879692
1813883859
1813943426
1814026053
1814103765
1814411207
1814419582
1814431698
1814460778
1814490117
1814668490
1814546091
1814647100
1814670343
1814839774
1814847286
1814855121
1815017561
1815061721
1815148808
1815187370
1815187812
1815194463
1815195104
1815232244
1815285952
1815324005
1815331612
1815384146
1815416873
1815404074
1815439305
1815441970
1815451465
1815457386
1815467236
1815471893
1815514982
1815515029
1815539370
1815561445
1815600994
1815696157
1815708115
1815762343
1815773699
1815837080
1815879907
1815919002
1815934351
1815944752
1815943074
1815829839
1816086158
1816145338
1816153505
1816180499
1816208076
1816227351
1816293659
1816351863
1816358029
1816370235
1816418102
1816424628
1816435964
1816448987
1816450103
1816472550
1816495335
1816558099
1816599857
1816619192
1816621147
1816636472
1816653890
1816698370
1816717151
1816733630
1816787690
1816787944
1816800260
1816804907
1816860657
1816925048
1816933938
1816952172
1817141263
1817189014
1817197175
1817247218
1817254717
1817323146
1817323869
1817351783
1817377182
1817378209
1817421104
1817441091
1817465141
1817469492
1817530347
1817545879
1817591512
1817595926
1817621361
1817621463
1817626762
1817661461
1817664116
1817696406
1817754602
1817819981
1817856744
1817877973
1817960306
1817987795
1819116023
1819146184
1819243051
1819334083
1819347584
1819352304
1819364869
1819385362
1819393262
1819542535
1819604843
1819694473
1819709549
1819772631
1819924604
1820068837
1820216336
1820277892
1820339577
1820349280
1820405932
1820418810
1820446125
1820598541
1820686311
1820710969
1820719984
1820840198
1820907177
1820934598
1820943055
1820983713
1821138033
1821142435
1821169201
1821182576
1821524668
1821645285
1821548571
1821658737
1821734514
1821933971
1822055949
1822075325
1822098056
1822108754
1822163050
1822154038
1822197494
1822304075
1822351637
1822405266
1822489486
1822526489
1822650719
1822672187
1822703035
1822715870
1822762614
1822784169
1822788634
1822793559
1823097103
1823357060
1823501778
1823590339
1823657146
1823597207
1823663072
1823681503
1823716748
1823744879
1823770289
1823784295
1823824764
1823898551
1823983536
1824043731
1824195784
1824363242
1824408107
1824488746
1824495744
1824546201
1824584121
1824715128
1824607515
1824798624
1825085336
1825123172
1825140990
1825147302
1825168193
1825235759
1825321747
1825400240
1825358872
1825523827
1825597337
1825675408
1825715789
1825785958
1825786586
1825792072
1825820760
1825821613
1825823543
1825846429
1825901201
1825901615
1826259171
1826391921
1826317285
1826410116
1826411593
1826433407
1826495466
1826507626
1826537436
1826607754
1826631201
1826680763
1826683412
1826768813
1826799440
1826875787
1826846380
1826943148
1826978302
1827118858
1827136741
1827164572
1827216661
1827264316
1827278482
1827280384
1827286514
1827292462
1827380560
1827451768
1827431955
1827458484
1827459295
1827475104
1827477287
1827538478
1827601665
1827602454
1827626401
1827662428
1827672190
1827691925
1827740076
1827743202
1827779176
1827792713
1827804907
1827852812
1827886159
1827865568
1827891364
1827936093
1828042015
1828048502
1828087121
1828112875
1828112765
1828162862
1828143427
1828201040
1828208252
1828342199
1828370425
1828434896
1828476916
1828492384
1828478801
1828526296
1828544375
1828564794
1828602705
1828691680
1828762748
1828763123
1828769580
1828782661
1828817994
1828864609
1828868064
1828949536
1829024845
1829033504
1829073359
1829106020
1829103730
1829163095
1829167574
1829189216
1829233575
1829262906
1829287374
1829321726
1829343824
1829355081
1829372713
1829396595
1829460724
1829498056
1829519878
1829566543
1829587661
1829618709
1829626855
1829637107
1829643104
1829674040
1829670633
1829738120
1829764236
1829791871
1829794560
1829882965
1829836231
1829892918
1829912761
1829930759
1830081059
1829936389
1830081821
1830093098
1830137622
1830176795
1830181303
1830154247
1830204210
1830220541
1830225316
1830261050
1830464743
1830518475
1830548132
1830518925
1830585732
1830593220
1830614963
1830666356
1830692710
1830709738
1830716421
1830825876
1830868605
1830880213
1830996103
1830998546
1831009882
1831093131
1831132369
1831108345
1831172668
1831209161
1831241963
1831321451
1831328137
1831328645
1831380386
1831522325
1831528345
1831539420
1831582911
1831589115
1831626955
1831639441
1831657341
1831688107
1831694483
1831769668
1831773517
1831794601
1831823427
1831877782
1831894669
1831996457
1832022872
1832146938
1832156407
1832205443
1832212395
1832317377
1832463601
1832505655
1832568954
1832582471
1832588314
1832637837
1832679582
1832714188
1832733942
1832877149
1832902978
1833095352
1833225297
1833326139
1833359708
1833483556
1833583816
1833593543
1833625108
1833828548
1833842871
1833871098
1833878014
1833927867
1834028970
1834286790
1834310170
1834445704
1834610948
1834602541
1834613645
1834679587
1834099707
1834686885
1834705297
1834703589
1834795076
1834837165
1835465855
1835623741
1835634204
1835638105
1835667495
1835657106
1835701535
1835787293
1835950798
1835968959
1836147310
1836184024
1836286414
1836293697
1836327791
1836325789
1836430225
1836446362
1836521372
1836517474
1836566708
1836573233
1836586469
1836602198
1836705369
1836843552
1837131809
1837035845
1837367588
1837661247
1837677268
1837674711
1837901505
1837975726
1838090009
1838117750
1838184597
1838434873
1838521980
1838526780
1838628571
1838619374
1838747354
1839012105
1839041097
1839084575
1839091101
1839188747
1839224492
1839272118
1839323387
1839299125
1839352507
1839391049
1839382225
1839398840
1839478470
1839456593
1839494621
1839511633
1839514840
1839554094
1839668298
1839639498
1839642592
1839691544
1839719313
1839708932
1839742309
1839762664
1839774698
1839776139
1839842041
1839863006
1840095468
1840047020
1840097201
1840122390
1840165596
1840166132
1840247856
1840248906
1840286353
1840296855
1840317775
1840323472
1840353598
1840389331
1840430579
1840525178
1840585390
1840595307
1840628190
1840673922
1840687146
1840692741
1840745551
1840747038
1840761211
1840772529
1840825922
1840825168
1840860926
1840948295
1840995124
1841023575
1841050524
1841104518
1841319637
1841286796
1841329643
1841348548
1841370030
1841403883
1841431121
1841449789
1841482475
1841498234
1841569345
1841539122
1841570233
1841579435
1841730613
1841783532
1841790265
1841869084
1841961719
1841974681
1841972248
1841993424
1842080683
1842294236
1842361071
1842368202
1842407861
1842456924
1842469901
1842486005
1842588536
1842583575
1842628441
1842639105
1842650582
1842708951
1842750154
1842772760
1842931349
1842940957
1843068431
1843156821
1843175959
1843190459
1843217323
1843248409
1843383464
1843405125
1843420108
1843452221
1843835134
1843970640
1844005424
1844031302
1844039368
1844063914
1844100346
1844126966
1844187662
1844275551
1844396481
1844409309
1844556539
1844608909
1844637161
1844681322
1844711628
1844721436
1844784868
1844814133
1844824833
1844837050
1844839130
1844881550
1844974602
1845032453
1845083258
1845086110
1845086584
1845135972
1845242944
1845512114
1845577106
1845604225
1845640039
1845648692
1845654355
1845693702
1845780155
1845817128
1845826284
1845846720
1845876896
1845898872
1845992002
1845995896
1846144244
1846195975
1846244535
1846331483
1846499973
1846515470
1846598793
1846628880
1846601213
1846700964
1846711069
1846725943
1846731529
1846774216
1846793425
1846956255
1846990151
1847239903
1847212799
1847264215
1847283906
1847394816
1847515504
1847580337
1847634219
1847608430
1847704588
1847707062
1847784122
1847884494
1847893746
1848086576
1848247691
1848267041
1848309899
1848546597
1848556153
1848571246
1848618272
1848667209
1848679845
1848684098
1848727761
1848777360
1848752488
1848817956
1848851127
1848938568
1848964265
1848966867
1849103957
1849161329
1849295455
1849624345
1849645241
1849644168
1849745010
1849930028
1849938052
1849952946
1849967619
1849965591
1849986151
1849991618
1850127502
1850215747
1850190203
1850133379
1850222403
1850363091
1850455830
1850462832
1850500794
1850551241
1850754867
1850777040
1850792991
1850875587
1850871112
1850893246
1850932731
1850954350
1851023799
1851107211
1851115624
1851130533
1851138223
1851139709
1851185936
1851211438
1851236747
1851248426
1851283420
1851330803
1851340796
1851364072
1851429387
1851456057
1851462013
1851491300
1851503475
1851507935
1851519264
1851536065
1851695174
1851664350
1851696998
1851737044
1851801929
1851878083
1851906387
1851947214
1851980293
1852003969
1852063520
1852166840
1852183806
1852191756
1852203725
1852206969
1852250964
1852255395
1852291281
1852339468
1852368203
1852369761
1852459871
1852499188
1852519783
1852544768
1852577593
1852592400
1852608137
1852665799
1852686905
1852761559
1852788694
1852785715
1852796695
1852808533
1852841518
1852899813
1852917004
1852945503
1852994184
1852996112
1853030908
1853052594
1853087066
1853114786
1853130309
1853136425
1853148115
1853227055
1853256404
1853267065
1853310194
1853355091
1853407509
1853447883
1853388782
1853483818
1853576499
1853625730
1853676070
1853732165
1853763323
1853681925
1853814204
1853768475
1853815744
1853822025
1853941504
1853942964
1853949968
1853995673
1870148684
1870127004
1870199772
1870260988
1870281775
1870341420
1870344244
1870403917
1870441102
1870544086
1870646368
1870679971
1870649771
1870702654
1870855592
1870908322
1870961721
1871059197
1871118197
1871343130
1871490816
1871533359
1871755042
1871756455
1871795754
1871847008
1871855261
1871955270
1872197471
1872200696
1872217735
1872235570
1872238727
1872389892
1872407735
1872482825
1872577600
1872612454
1872705397
1872723923
1872795870
1872813041
1872943938
1872954741
1873057127
1873082153
1873147800
1873208746
1873245583
1873327844
1873348916
1873382781
1873383826
1873402879
1873418306
1873472943
1873725740
1873788301
1873839864
1873851295
1873928673
1874030400
1874038352
1874125887
1874140481
1874152910
1874161304
1874163450
1874186963
1874199709
1874212699
1874338838
1874346875
1874391464
1874417402
1874481563
1874559340
1874523752
1874605671
1874708310
1874718216
1874809281
1874943512
1874945774
1874987371
1874997934
1875024886
1875025799
1875063272
1875294002
1875363528
1875396304
1875483493
1875488515
1875534629
1875489048
1875640467
1875662631
1875700228
1875806764
1875813694
1875957738
1875984908
1876002511
1876095193
1876156486
1876223391
1876259897
1876389512
1876398506
1876496479
1876550175
1876573897
1876578379
1876588744
1876632873
1876658597
1876670015
1876800531
1876808901
1876827047
1876840864
1876885655
1877002788
1877019361
1877173829
1877196215
1877369025
1877588673
1877635235
1877679389
1877680461
1877848316
1877909732
1878023364
1878030899
1878048052
1878088265
1878136243
1878097469
1878388223
1878389699
1878487739
1878497096
1878643623
1878662472
1878915660
1878917830
1878987309
1879029707
1879101410
1879127311
1879283223
1879333435
1879362251
1879397900
1879481064
1879563830
1879601474
1879789184
1879776956
1879706986
1879808303
1879901061
1879962652
1900124183
1900120065
1879980884
1900139230
1900234326
1900205217
1900290636
1900294020
1900424483
1900430463
1900474987
1900506297
1900535315
1900622424
1900658272
1900669347
1900732126
1900835762
1900858988
1900913408
1900952720
1901186897
1901067790
1901202800
1901279924
1901341790
1901376410
1901351101
1901412348
1901501264
1901520309
1901547257
1901600388
1901611943
1901636562
1901658224
1901767789
1901773551
1901876514
1901914896
1901927264
1901977332
1901845196
1901977445
1901997765
1901999075
1902053800
1902244060
1902257169
1902381205
1902403255
1902483055
1902422550
1902500519
1902542018
1902635337
1902636994
1902680122
1902717785
1902758002
1902849549
1902783486
1902978390
1902869553
1903295940
1903329480
1903441711
1903449494
1903471256
1903503624
1903551154
1903570380
1903585196
1903635231
1903662758
1903722116
1903808624
1903945744
1903902095
1903959490
1904003462
1904035927
1904105017
1904113630
1904163601
1904177710
1904225481
1904176946
1904225739
1904229131
1904254355
1904279752
1904287557
1904353824
1904393358
1904414561
1904448259
1904497619
1904540295
1904598349
1904609205
1904616270
1904644147
1904622029
1904660530
1904706802
1904764871
1904803150
1904822611
1904873116
1904919829
1904966558
1904975393
1904997930
1904999176
1905007565
1905009092
1905025604
1905078645
1905180008
1905192477
1905290962
1905380256
1905351934
1905390734
1905407339
1905524309
1905547892
1905931779
1906147299
1906268639
1906463928
1906512896
1906469263
1906557136
1906598529
1906647903
1906699573
1906710446
1906714009
1906748827
1906777263
1906861894
1906923833
1906998172
1907304458
1907804922
1907836756
1907978970
1908067316
1908275243
1908341442
1908388136
1908523695
1908607017
1908697520
1909155795
1909014925
1909160841
1909342644
1909719263
1909699964
1909730056
1909737426
1909749489
1909763408
1909764986
1909835928
1909855277
1910278381
1910497855
1910539600
1910607900
1910610448
1910631438
1910702318
1910839484
1910914731
1910954117
1910999513
1911078418
1911256639
1911357230
1911409490
1911751671
1911759470
1912096574
1912256161
1912312933
1912319908
1912320043
1912358715
1912510733
1912603719
1912663929
1912746985
1912750360
1912795789
1912950742
1912987672
1913367655
1913409638
1913497687
1913511638
1913512965
1913620567
1913651745
1913756312
1913775305
1913893398
1913959073
1914108057
1914157658
1914164700
1914268325
1914197871
1914434154
1914550967
1914709956
1914712853
1914751897
1914909964
1914998178
1915046650
1915115271
1915196283
1915291334
1915463422
1915462306
1915467393
1915515313
1915520961
1915602144
1915613846
1915801280
1915931591
1915958619
1916185717
1916504065
1916256046
1916663010
1916668204
1916727427
1916847405
1916862372
1916897762
1916973147
1917056193
1917157362
1917203204
1917393351
1917444027
1917536652
1917568523
1917572301
1917600339
1917622151
1917628597
1917647859
1917654102
1917802562
1918024668
1918074750
1918107603
1918097947
1918128266
1918129119
1918132885
1918140648
1918143157
1918233013
1918288711
1918293761
1918308740
1918364089
1918424059
1918465695
1918527736
1918617811
1918644483
1918701494
1918768867
1918793649
1918838631
1918987589
1918996223
1919027849
1919056967
1919088509
2296911237
2250551460
2303928516
2369794377
2403956279
2504571626
2524051600
2530794827
2690890445
2817369250
2819075769
2820100269
2858665816
468806962
409065015
458037354
457075217
407208141
469405397
473276679
480658987
480661700
480671995
480683396
480683728
480681823
480684715
480685447
480689170
480699293
480702098
480702448
480696640
480712160
480686735
480697044
480722780
480712491
480730541
480731052
480732351
480740270
480763849
480776424
480785798
480823206
480811369
480830840
480831256
480835957
480845617
480841809
480876347
480893002
480901072
480901615
480903390
480938841
480997511
480998735
481000352
481036657
481040001
481043543
481044389
481073542
481107636
481108388
481135681
481153694
481154508
481155278
481156468
481157482
481157886
481162491
481178016
481180300
481182903
481198402
481199469
481213628
481207057
481249130
481249429
481254634
481264059
481301350
481337158
481347160
481341087
481375920
481381792
481391821
481418137
481439210
481441549
481489822
481443022
481495783
481518145
481521293
481533585
481534924
481583092
481549033
481583425
481604437
481789523
481811968
481880894
482079325
482079902
482083906
482073247
482084501
482077082
482106285
482106553
482124813
482124930
482126525
482125431
482753168
482872631
482937824
482943230
482915462
482950200
482974215
482985047
482994330
482996717
482998577
483003439
483069203
483123250
483096876
483140948
483162476
483264295
483278134
483235527
483303011
483315721
483369289
483400174
483563709
483587615
483868860
483925480
484039233
484043921
484046338
484046514
484084703
484085596
484087566
484095837
484096289
484109937
484115162
484103580
484116062
484117575
484127125
484127338
484128305
484128769
484133044
484137802
484144099
484146834
484157066
484154737
484160073
484162180
484164196
484165685
484165989
484183428
484171741
484184237
484184354
484207576
484186539
484210460
484207957
484205864
484207699
484247996
484251065
484251331
484251864
484252773
484256354
484259611
484268255
484271969
484272599
484276610
484278629
484288549
484287958
484304547
484321962
484322558
484323617
484323701
484335376
484332142
484344008
484344854
484344960
484352454
484352631
484353416
484345476
484350176
484363735
484366199
484366219
484366500
484366882
484366993
484367186
484367822
484388553
484367845
484522603
484524411
484524698
484548139
484562918
484563151
484564733
484565455
484566831
484568153
484558818
484568687
484595440
484634395
484635439
484639449
484670267
484671391
484675185
484675841
484676769
484677278
484677524
484678580
484679583
484694524
484697531
484923089
485294229
485084438
485410965
485412701
485416896
485419551
485419842
485419873
485426277
485431350
485431919
485433237
485436756
485447806
485450047
485450544
485462241
485463253
485470446
485470766
485466882
485472381
485472996
485472485
485492412
485476313
485493262
485494286
485489133
485504541
485505314
485507550
485511864
485509588
485510164
485507128
485513142
485523242
485542155
485539634
485553120
485559889
485567561
485595035
485623615
485623665
485624093
485627424
485625104
485624083
485629842
485627648
485667110
485668151
485670006
485675234
485688001
485692341
485689491
485693672
485693992
485697323
485708685
485716121
485720276
485716309
485726561
485734614
485785191
485793987
485807931
485813629
485849039
485853317
485855889
485855627
485871262
485880776
485897566
485898028
485903319
485905704
485906227
485907884
485908135
485937662
485938840
485943941
485949145
485939152
485959023
485967865
485992163
485995802
486015105
486025985
486018117
486027448
486033893
486039872
486039422
486058176
486063249
486065644
486065019
486067911
486107204
486098569
486133607
486138153
486146048
486185383
486186242
486192215
486228917
486234053
486275449
486268045
486264070
486277581
486276325
486295151
486294144
486301035
486303832
486305244
486312964
486983931
486981389
486994924
486948954
486988571
486995697
486956487
486998164
487000853
487003731
487006272
487014884
487015637
487026408
487044781
487047839
487049032
487050035
487063424
487063683
487064058
487066680
487068844
487069346
487069948
487075941
487085480
487088414
487093653
487093684
487093283
487097941
487113600
487115007
487123622
487126341
487128368
487128769
487129972
487134939
487135320
487135893
487136051
487143087
487141573
487142388
487148063
487148738
487150037
487154529
487156368
487157277
487157432
487161060
487166904
487167548
487168804
487171549
487174005
487181276
487176386
487177360
487181405
487185483
487196742
487202080
487202644
487196191
487204918
487205445
487198440
487215364
487218407
487219539
487227415
487240480
487240678
487247985
487251871
487250087
487262804
487286742
487283478
487297890
487347445
487365478
487493093
487508401
487551244
487579278
487582357
487589681
487586311
487584025
487593855
487586649
487595895
487601765
487600963
487605347
487601097
487607708
487611975
487616095
487616166
487616245
487616683
487613480
487631966
487632596
487636488
487637147
487637298
487641071
487644303
487643657
487645788
487657360
487663450
487663592
487672199
487671840
487674685
487678198
487686514
487696362
487707228
487712432
487710685
487713761
487716856
487730279
487736659
487748492
487769040
487771816
487770753
487781937
487786811
487791476
487806172
487824320
487844389
487882686
487886932
488097076
488068526
488264820
488274894
488279779
488280489
488283776
488282563
488288048
488287493
488288031
488294701
488296983
488298492
488303533
488314822
488317148
488315663
488317240
488308604
488318953
488323247
488324961
488330837
488325913
488332074
488326978
488339201
488339268
488339415
488341301
488343660
488350780
488352619
488355764
488361637
488355401
488365412
488366534
488367128
488377723
488368451
488393190
488378336
488396376
488396541
488396586
488398120
488399391
488399417
488399531
488403381
488403880
488414479
488414984
488416557
488420070
488419682
488417230
488424295
488423588
488474380
488476503
488476757
488476770
488477251
488477320
488479395
488489128
488497902
501004772
488838340
501009800
501154469
501069987
501418010
501439133
501454728
501504521
507095967
598024408
669381735
674075910
674309667
674312457
691804227
692894688
728177892
875341399
896468275
896507335
896664263
896674323
898754280
903199042
907426701
908001267
908189126
908659636
908273133
909108129
909658759
909118430
910033760
910208042
910203115
910875067
916039427
914814160
914833750
917800788
917818265
917872083
917910187
917881389
917934369
927169744
927617687
927626951
927636406
927691383
927816200
928097461
936074073
930984072
943713524
942876933
945245196
990737948
986793690
1507650357
1489199875
1513844461
1514470247
1518772422
1516880170
1523263693
1540712958
1531228912
1541828616
1525584432
1557686889
1559676761
1564942994
1574344070
1585443489
1634811494
1691414613
1710561783
1732215591
1740629661
1740663568
1740771430
1740835632
1748190696
1748358693
1748597355
1748715456
1748759135
1749831519
1752088414
1749924005
1752095435
1752108681
1752681507
1752744584
1752699003
1753948319
1754204156
1754396540
1755730842
1755736823
1760962436
1761012930
1761091413
1761810312
1761597053
1762948267
1762969453
1764934221
1765297965
1766751593
1767480696
1768450990
1767953013
1770343384
1770741589
1770755521
1771731125
1772843724
1771979659
1772891364
1772900148
1776991480
1779072397
1779146846
1776504602
1779374733
1780207135
1779198979
1780135341
1781660474
1783063511
1783960399
1783975573
1784358118
1785661106
1785452619
1785925390
1785937495
1789613519
1790604959
1790633787
1790741905
1791313661
1790833851
1790831514
1791459990
1792854423
1793000154
1793106558
1794706919
1794715601
1794752711
1794743559
1795039653
1795173787
1795085293
1797561297
1796794524
1799832291
1801263196
1801535774
1801560263
1801655430
1802173079
1802287184
1802181339
1805575274
1805953972
1806318606
1805965276
1806757961
1806776282
1806553804
1807772804
1807984382
1809161725
1809196283
1809269748
1809617303
1809619591
1810227370
1810461077
1810527615
1810569726
1810763824
1810785243
1811948509
1813241508
1813352384
1813415639
1814122966
1814272663
1814202649
1816103524
1814288251
1814718241
1815178327
1814370616
1816120164
1816348927
1816911160
1817198215
1817200458
1817258931
1817309091
1817316288
1819126009
1817513286
1820573919
1820816747
1820634812
1822375363
1822396226
1822314479
1822829667
1822980686
1822643780
1823001875
1823049087
1823053878
1823263145
1823264197
1823442485
1823463848
1824250629
1824314503
1824273031
1824835343
1824869609
1825015298
1825149552
1825573340
1826081983
1826212823
1826450199
1826965290
1827546230
1827595457
1827663015
1827966448
1827975160
1828005365
1828227315
1828250854
1828639548
1828279422
1828577654
1828853046
1829047979
1829531798
1829600431
1829648490
1830280520
1829814599
1830285308
1830306549
1830516445
1831016491
1831037413
1831403023
1831717325
1831891849
1832441049
1832795163
1832716066
1833816123
1832898129
1833922401
1833928876
1835134248
1835356042
1835212321
1835453606
1835774247
1836266927
1836968611
1839115094
1839150685
1839157897
1839603183
1840707117
1840907713
1841469381
1841838749
1842134367
1842408411
1843747372
1844586140
1844039877
1845248100
1846662774
1845509376
1845682235
1845535682
1849694422
1849713316
1849723801
1849813621
1849829275
1850495391
1851930283
1852415819
1851931273
1852438526
1870492935
1870557786
1870856428
1870565614
1870863266
1870587838
1871106297
1872496448
1872516855
1872594448
1874754493
1874786376
1874794366
1874890498
1875230404
1875660649
1875997955
1876290643
1876588951
1876702941
1876780059
1879625596
1879259678
1900581315
1900680354
1900732179
1900865661
1900904206
1901294406
1901423941
1901460299
1901497285
1901819017
1902208657
1902660957
1903895494
1903896207
1904301809
1905629454
1905672916
1905769409
1907230573
1907749557
1908864401
1910670967
1911378022
1911338314
1912777535
1911594611
1913251742
1914445294
1914484675
1914566895
1917806106
1915728565
1917936317
480786893
480903221
481179673
481153992
480794062
483054228
483087158
481180001
481386402
484264271
484267825
484399194
483143690
484416328
483165736
484265697
484415513
483217871
484434090
484432799
484456028
484459466
484461253
484436295
484494797
484498632
484461523
484519020
484472296
485571375
485612528
485560585
485613806
485613773
485614389
485963202
486363301
485615006
486369986
486123516
486358513
486418644
486426341
486381299
486431906
486441153
486452816
486631903
486635775
486692475
486436091
486752247
486943667
486944535
486801160
486987827
486987012
486956759
486960364
486996286
487016171
487016267
487019647
487016681
487020061
487027478
487033975
487132323
487139728
487159404
487163100
487167245
487321257
487163783
487215343
487376344
487585282
487586702
487583253
487637277
487643498
487684665
487658972
487769344
487739591
487807916
488264568
487811478
488322305
488280532
488336049
488413948
488394729
488484974
506253960
906791718
694928126
947307010
958457328
990734834
1761100633
1753980926
1764674010
1785959514
1786575942
1789616543
1820828105
1796756235
1796332195
1823027725
1826747049
1826833475
1826896106
1827745178
1831044861
1829350302
1834959064
1839945025
1852573751
1852827347
1853172944
1875193805
1875270083
1853136755
1876901121
1877898594
1879102881
1905836545
1905944268
483002263
487620681
483065118
485565275
484564594
1764775256
486948719
487631064
488477421
487104149
1787634704
453932323
481124367
480873687
481588861
480733893
481396022
481853903
482096859
484088462
484106831
484276583
484389615
484409812
484401066
484417289
484434987
484436382
484458942
484456904
484457703
484462612
484519907
484497258
484522295
484563601
485407528
485451285
485626644
485675229
485986584
485733618
486300782
485784842
486318274
486353069
486312021
487007460
486960637
487083864
487024675
487094805
487130962
487133244
487136269
487265459
488278164
487635517
487592279
488302442
488342824
488393813
507374578
917787636
927546003
1696466901
1771836379
1771963972
1773808597
1792886421
1794726797
1801189729
1810836130
1813589694
1844747230
1851631461
1871592970
1901853252
1904301630
1917588691
486944454
488487571
672693279
1905836259
482099915
484435041
484455467
484434002
486327416
487014696
486877965
484498652
487579287
487240010
485513719
1835454290
488276443
501009079
