#!MLF!#
"mfcc/test.rec"
1300000 3000000 NIN -2121.699463
3000000 4200000 DE -1519.657471
4200000 6400000 Q1 -2796.216553
6400000 9000000 Q2 -3375.538574
9000000 13100000 HAO -4991.862305
13100000 13800000 MA -893.075439
13800000 16700000 CUN -3638.438232
16700000 18900000 ZAI -2746.220459
18900000 21900000 AN1 -3772.123047
21900000 23600000 QUAN -2082.303467
23600000 25600000 FENG -2300.117188
25600000 27200000 XIAN1 -1732.695557
27200000 28900000 ZHENG1 -2256.275879
28900000 32900000 CHU -4938.853516
32900000 35500000 YU1 -3217.646484
35500000 37000000 BAO1 -1699.456543
37000000 38500000 HU3 -1735.216797
38500000 40900000 MO -2971.693115
40900000 42700000 SHI2 -2005.273926
42700000 48600000 ZHONG1 -7019.211914
48600000 50400000 QING -2289.606445
50400000 53400000 DENG -3556.412354
53400000 54200000 LU -990.366821
54200000 58600000 A -5155.778809
58600000 61700000 Q -3617.736328
61700000 63800000 DIAN -2417.571045
63800000 66400000 Q1 -3351.230225
66400000 68200000 Q2 -2325.730957
68200000 69700000 DIAN -1771.877930
69700000 73700000 COM -4471.155273
73700000 75600000 TONG -1791.771606
75600000 78300000 GUO -3088.210693
78300000 81300000 MI -3463.999512
81300000 81900000 BAO1 -803.890686
81900000 85100000 GONG -3516.974609
85100000 87700000 JV2 -2646.834229
87700000 88500000 XIU -948.865051
88500000 91000000 GAI2 -2873.293457
91000000 94100000 MI -3529.905518
94100000 94700000 MA -783.271301
94700000 100200000 XIU -5898.542480
100200000 102400000 GAI2 -2495.681152
.
